
State Machine - |DE1_SoC_Computer|read_DPS_module:readOne|state
Name state.00000000 state.10001100 state.10000010 state.10000001 state.10000000 state.01111111 state.01111110 state.01111101 state.01111100 state.01111011 state.01111010 state.01111001 state.01111000 state.01110111 state.01110110 state.01110101 state.01110100 state.01110011 state.01110010 state.01110001 state.01110000 state.01101111 state.01101110 state.01101101 state.01101100 state.01101011 state.01101010 state.01101001 state.01101000 state.01100111 state.01100110 state.01100101 state.01100100 state.01100011 state.01100010 state.01100001 state.01100000 state.01011111 state.01011110 state.01011101 state.01011100 state.01011011 state.01011010 state.01011001 state.01011000 state.01010111 state.01010110 state.01010101 state.01010100 state.01010011 state.01010010 state.01010001 state.01010000 state.01001111 state.01001110 state.01001101 state.01001100 state.01001011 state.01001010 state.01001001 state.01001000 state.01000111 state.01000110 state.01000101 state.01000100 state.01000011 state.01000010 state.01000001 state.01000000 state.00111111 state.00111110 state.00111101 state.00111100 state.00111011 state.00111010 state.00111001 state.00111000 state.00110111 state.00110110 state.00110101 state.00110100 state.00110011 state.00110010 state.00110001 state.00110000 state.00101111 state.00101110 state.00101101 state.00101100 state.00101011 state.00101010 state.00101001 state.00101000 state.00100111 state.00100110 state.00100101 state.00100100 state.00100011 state.00100010 state.00100001 state.00100000 state.00011111 state.00011110 state.00011101 state.00011100 state.00011011 state.00011010 state.00011001 state.00011000 state.00010111 state.00010110 state.00010101 state.00010100 state.00010011 state.00010010 state.00010001 state.00010000 state.00001111 state.00001110 state.00001101 state.00001100 state.00001011 state.00001010 state.00001001 state.00001000 state.00000111 state.00000110 state.00000101 state.00000100 state.00000011 state.00000010 state.00000001 state.10001101 
state.10001101 0 0 0 0 0 0 0 0 0 0 0 0 0 0 0 0 0 0 0 0 0 0 0 0 0 0 0 0 0 0 0 0 0 0 0 0 0 0 0 0 0 0 0 0 0 0 0 0 0 0 0 0 0 0 0 0 0 0 0 0 0 0 0 0 0 0 0 0 0 0 0 0 0 0 0 0 0 0 0 0 0 0 0 0 0 0 0 0 0 0 0 0 0 0 0 0 0 0 0 0 0 0 0 0 0 0 0 0 0 0 0 0 0 0 0 0 0 0 0 0 0 0 0 0 0 0 0 0 0 0 0 0 0 
state.00000001 0 0 0 0 0 0 0 0 0 0 0 0 0 0 0 0 0 0 0 0 0 0 0 0 0 0 0 0 0 0 0 0 0 0 0 0 0 0 0 0 0 0 0 0 0 0 0 0 0 0 0 0 0 0 0 0 0 0 0 0 0 0 0 0 0 0 0 0 0 0 0 0 0 0 0 0 0 0 0 0 0 0 0 0 0 0 0 0 0 0 0 0 0 0 0 0 0 0 0 0 0 0 0 0 0 0 0 0 0 0 0 0 0 0 0 0 0 0 0 0 0 0 0 0 0 0 0 0 0 0 0 1 1 
state.00000010 0 0 0 0 0 0 0 0 0 0 0 0 0 0 0 0 0 0 0 0 0 0 0 0 0 0 0 0 0 0 0 0 0 0 0 0 0 0 0 0 0 0 0 0 0 0 0 0 0 0 0 0 0 0 0 0 0 0 0 0 0 0 0 0 0 0 0 0 0 0 0 0 0 0 0 0 0 0 0 0 0 0 0 0 0 0 0 0 0 0 0 0 0 0 0 0 0 0 0 0 0 0 0 0 0 0 0 0 0 0 0 0 0 0 0 0 0 0 0 0 0 0 0 0 0 0 0 0 0 0 1 0 1 
state.00000011 0 0 0 0 0 0 0 0 0 0 0 0 0 0 0 0 0 0 0 0 0 0 0 0 0 0 0 0 0 0 0 0 0 0 0 0 0 0 0 0 0 0 0 0 0 0 0 0 0 0 0 0 0 0 0 0 0 0 0 0 0 0 0 0 0 0 0 0 0 0 0 0 0 0 0 0 0 0 0 0 0 0 0 0 0 0 0 0 0 0 0 0 0 0 0 0 0 0 0 0 0 0 0 0 0 0 0 0 0 0 0 0 0 0 0 0 0 0 0 0 0 0 0 0 0 0 0 0 0 1 0 0 1 
state.00000100 0 0 0 0 0 0 0 0 0 0 0 0 0 0 0 0 0 0 0 0 0 0 0 0 0 0 0 0 0 0 0 0 0 0 0 0 0 0 0 0 0 0 0 0 0 0 0 0 0 0 0 0 0 0 0 0 0 0 0 0 0 0 0 0 0 0 0 0 0 0 0 0 0 0 0 0 0 0 0 0 0 0 0 0 0 0 0 0 0 0 0 0 0 0 0 0 0 0 0 0 0 0 0 0 0 0 0 0 0 0 0 0 0 0 0 0 0 0 0 0 0 0 0 0 0 0 0 0 1 0 0 0 1 
state.00000101 0 0 0 0 0 0 0 0 0 0 0 0 0 0 0 0 0 0 0 0 0 0 0 0 0 0 0 0 0 0 0 0 0 0 0 0 0 0 0 0 0 0 0 0 0 0 0 0 0 0 0 0 0 0 0 0 0 0 0 0 0 0 0 0 0 0 0 0 0 0 0 0 0 0 0 0 0 0 0 0 0 0 0 0 0 0 0 0 0 0 0 0 0 0 0 0 0 0 0 0 0 0 0 0 0 0 0 0 0 0 0 0 0 0 0 0 0 0 0 0 0 0 0 0 0 0 0 1 0 0 0 0 1 
state.00000110 0 0 0 0 0 0 0 0 0 0 0 0 0 0 0 0 0 0 0 0 0 0 0 0 0 0 0 0 0 0 0 0 0 0 0 0 0 0 0 0 0 0 0 0 0 0 0 0 0 0 0 0 0 0 0 0 0 0 0 0 0 0 0 0 0 0 0 0 0 0 0 0 0 0 0 0 0 0 0 0 0 0 0 0 0 0 0 0 0 0 0 0 0 0 0 0 0 0 0 0 0 0 0 0 0 0 0 0 0 0 0 0 0 0 0 0 0 0 0 0 0 0 0 0 0 0 1 0 0 0 0 0 1 
state.00000111 0 0 0 0 0 0 0 0 0 0 0 0 0 0 0 0 0 0 0 0 0 0 0 0 0 0 0 0 0 0 0 0 0 0 0 0 0 0 0 0 0 0 0 0 0 0 0 0 0 0 0 0 0 0 0 0 0 0 0 0 0 0 0 0 0 0 0 0 0 0 0 0 0 0 0 0 0 0 0 0 0 0 0 0 0 0 0 0 0 0 0 0 0 0 0 0 0 0 0 0 0 0 0 0 0 0 0 0 0 0 0 0 0 0 0 0 0 0 0 0 0 0 0 0 0 1 0 0 0 0 0 0 1 
state.00001000 0 0 0 0 0 0 0 0 0 0 0 0 0 0 0 0 0 0 0 0 0 0 0 0 0 0 0 0 0 0 0 0 0 0 0 0 0 0 0 0 0 0 0 0 0 0 0 0 0 0 0 0 0 0 0 0 0 0 0 0 0 0 0 0 0 0 0 0 0 0 0 0 0 0 0 0 0 0 0 0 0 0 0 0 0 0 0 0 0 0 0 0 0 0 0 0 0 0 0 0 0 0 0 0 0 0 0 0 0 0 0 0 0 0 0 0 0 0 0 0 0 0 0 0 1 0 0 0 0 0 0 0 1 
state.00001001 0 0 0 0 0 0 0 0 0 0 0 0 0 0 0 0 0 0 0 0 0 0 0 0 0 0 0 0 0 0 0 0 0 0 0 0 0 0 0 0 0 0 0 0 0 0 0 0 0 0 0 0 0 0 0 0 0 0 0 0 0 0 0 0 0 0 0 0 0 0 0 0 0 0 0 0 0 0 0 0 0 0 0 0 0 0 0 0 0 0 0 0 0 0 0 0 0 0 0 0 0 0 0 0 0 0 0 0 0 0 0 0 0 0 0 0 0 0 0 0 0 0 0 1 0 0 0 0 0 0 0 0 1 
state.00001010 0 0 0 0 0 0 0 0 0 0 0 0 0 0 0 0 0 0 0 0 0 0 0 0 0 0 0 0 0 0 0 0 0 0 0 0 0 0 0 0 0 0 0 0 0 0 0 0 0 0 0 0 0 0 0 0 0 0 0 0 0 0 0 0 0 0 0 0 0 0 0 0 0 0 0 0 0 0 0 0 0 0 0 0 0 0 0 0 0 0 0 0 0 0 0 0 0 0 0 0 0 0 0 0 0 0 0 0 0 0 0 0 0 0 0 0 0 0 0 0 0 0 1 0 0 0 0 0 0 0 0 0 1 
state.00001011 0 0 0 0 0 0 0 0 0 0 0 0 0 0 0 0 0 0 0 0 0 0 0 0 0 0 0 0 0 0 0 0 0 0 0 0 0 0 0 0 0 0 0 0 0 0 0 0 0 0 0 0 0 0 0 0 0 0 0 0 0 0 0 0 0 0 0 0 0 0 0 0 0 0 0 0 0 0 0 0 0 0 0 0 0 0 0 0 0 0 0 0 0 0 0 0 0 0 0 0 0 0 0 0 0 0 0 0 0 0 0 0 0 0 0 0 0 0 0 0 0 1 0 0 0 0 0 0 0 0 0 0 1 
state.00001100 0 0 0 0 0 0 0 0 0 0 0 0 0 0 0 0 0 0 0 0 0 0 0 0 0 0 0 0 0 0 0 0 0 0 0 0 0 0 0 0 0 0 0 0 0 0 0 0 0 0 0 0 0 0 0 0 0 0 0 0 0 0 0 0 0 0 0 0 0 0 0 0 0 0 0 0 0 0 0 0 0 0 0 0 0 0 0 0 0 0 0 0 0 0 0 0 0 0 0 0 0 0 0 0 0 0 0 0 0 0 0 0 0 0 0 0 0 0 0 0 1 0 0 0 0 0 0 0 0 0 0 0 1 
state.00001101 0 0 0 0 0 0 0 0 0 0 0 0 0 0 0 0 0 0 0 0 0 0 0 0 0 0 0 0 0 0 0 0 0 0 0 0 0 0 0 0 0 0 0 0 0 0 0 0 0 0 0 0 0 0 0 0 0 0 0 0 0 0 0 0 0 0 0 0 0 0 0 0 0 0 0 0 0 0 0 0 0 0 0 0 0 0 0 0 0 0 0 0 0 0 0 0 0 0 0 0 0 0 0 0 0 0 0 0 0 0 0 0 0 0 0 0 0 0 0 1 0 0 0 0 0 0 0 0 0 0 0 0 1 
state.00001110 0 0 0 0 0 0 0 0 0 0 0 0 0 0 0 0 0 0 0 0 0 0 0 0 0 0 0 0 0 0 0 0 0 0 0 0 0 0 0 0 0 0 0 0 0 0 0 0 0 0 0 0 0 0 0 0 0 0 0 0 0 0 0 0 0 0 0 0 0 0 0 0 0 0 0 0 0 0 0 0 0 0 0 0 0 0 0 0 0 0 0 0 0 0 0 0 0 0 0 0 0 0 0 0 0 0 0 0 0 0 0 0 0 0 0 0 0 0 1 0 0 0 0 0 0 0 0 0 0 0 0 0 1 
state.00001111 0 0 0 0 0 0 0 0 0 0 0 0 0 0 0 0 0 0 0 0 0 0 0 0 0 0 0 0 0 0 0 0 0 0 0 0 0 0 0 0 0 0 0 0 0 0 0 0 0 0 0 0 0 0 0 0 0 0 0 0 0 0 0 0 0 0 0 0 0 0 0 0 0 0 0 0 0 0 0 0 0 0 0 0 0 0 0 0 0 0 0 0 0 0 0 0 0 0 0 0 0 0 0 0 0 0 0 0 0 0 0 0 0 0 0 0 0 1 0 0 0 0 0 0 0 0 0 0 0 0 0 0 1 
state.00010000 0 0 0 0 0 0 0 0 0 0 0 0 0 0 0 0 0 0 0 0 0 0 0 0 0 0 0 0 0 0 0 0 0 0 0 0 0 0 0 0 0 0 0 0 0 0 0 0 0 0 0 0 0 0 0 0 0 0 0 0 0 0 0 0 0 0 0 0 0 0 0 0 0 0 0 0 0 0 0 0 0 0 0 0 0 0 0 0 0 0 0 0 0 0 0 0 0 0 0 0 0 0 0 0 0 0 0 0 0 0 0 0 0 0 0 0 1 0 0 0 0 0 0 0 0 0 0 0 0 0 0 0 1 
state.00010001 0 0 0 0 0 0 0 0 0 0 0 0 0 0 0 0 0 0 0 0 0 0 0 0 0 0 0 0 0 0 0 0 0 0 0 0 0 0 0 0 0 0 0 0 0 0 0 0 0 0 0 0 0 0 0 0 0 0 0 0 0 0 0 0 0 0 0 0 0 0 0 0 0 0 0 0 0 0 0 0 0 0 0 0 0 0 0 0 0 0 0 0 0 0 0 0 0 0 0 0 0 0 0 0 0 0 0 0 0 0 0 0 0 0 0 1 0 0 0 0 0 0 0 0 0 0 0 0 0 0 0 0 1 
state.00010010 0 0 0 0 0 0 0 0 0 0 0 0 0 0 0 0 0 0 0 0 0 0 0 0 0 0 0 0 0 0 0 0 0 0 0 0 0 0 0 0 0 0 0 0 0 0 0 0 0 0 0 0 0 0 0 0 0 0 0 0 0 0 0 0 0 0 0 0 0 0 0 0 0 0 0 0 0 0 0 0 0 0 0 0 0 0 0 0 0 0 0 0 0 0 0 0 0 0 0 0 0 0 0 0 0 0 0 0 0 0 0 0 0 0 1 0 0 0 0 0 0 0 0 0 0 0 0 0 0 0 0 0 1 
state.00010011 0 0 0 0 0 0 0 0 0 0 0 0 0 0 0 0 0 0 0 0 0 0 0 0 0 0 0 0 0 0 0 0 0 0 0 0 0 0 0 0 0 0 0 0 0 0 0 0 0 0 0 0 0 0 0 0 0 0 0 0 0 0 0 0 0 0 0 0 0 0 0 0 0 0 0 0 0 0 0 0 0 0 0 0 0 0 0 0 0 0 0 0 0 0 0 0 0 0 0 0 0 0 0 0 0 0 0 0 0 0 0 0 0 1 0 0 0 0 0 0 0 0 0 0 0 0 0 0 0 0 0 0 1 
state.00010100 0 0 0 0 0 0 0 0 0 0 0 0 0 0 0 0 0 0 0 0 0 0 0 0 0 0 0 0 0 0 0 0 0 0 0 0 0 0 0 0 0 0 0 0 0 0 0 0 0 0 0 0 0 0 0 0 0 0 0 0 0 0 0 0 0 0 0 0 0 0 0 0 0 0 0 0 0 0 0 0 0 0 0 0 0 0 0 0 0 0 0 0 0 0 0 0 0 0 0 0 0 0 0 0 0 0 0 0 0 0 0 0 1 0 0 0 0 0 0 0 0 0 0 0 0 0 0 0 0 0 0 0 1 
state.00010101 0 0 0 0 0 0 0 0 0 0 0 0 0 0 0 0 0 0 0 0 0 0 0 0 0 0 0 0 0 0 0 0 0 0 0 0 0 0 0 0 0 0 0 0 0 0 0 0 0 0 0 0 0 0 0 0 0 0 0 0 0 0 0 0 0 0 0 0 0 0 0 0 0 0 0 0 0 0 0 0 0 0 0 0 0 0 0 0 0 0 0 0 0 0 0 0 0 0 0 0 0 0 0 0 0 0 0 0 0 0 0 1 0 0 0 0 0 0 0 0 0 0 0 0 0 0 0 0 0 0 0 0 1 
state.00010110 0 0 0 0 0 0 0 0 0 0 0 0 0 0 0 0 0 0 0 0 0 0 0 0 0 0 0 0 0 0 0 0 0 0 0 0 0 0 0 0 0 0 0 0 0 0 0 0 0 0 0 0 0 0 0 0 0 0 0 0 0 0 0 0 0 0 0 0 0 0 0 0 0 0 0 0 0 0 0 0 0 0 0 0 0 0 0 0 0 0 0 0 0 0 0 0 0 0 0 0 0 0 0 0 0 0 0 0 0 0 1 0 0 0 0 0 0 0 0 0 0 0 0 0 0 0 0 0 0 0 0 0 1 
state.00010111 0 0 0 0 0 0 0 0 0 0 0 0 0 0 0 0 0 0 0 0 0 0 0 0 0 0 0 0 0 0 0 0 0 0 0 0 0 0 0 0 0 0 0 0 0 0 0 0 0 0 0 0 0 0 0 0 0 0 0 0 0 0 0 0 0 0 0 0 0 0 0 0 0 0 0 0 0 0 0 0 0 0 0 0 0 0 0 0 0 0 0 0 0 0 0 0 0 0 0 0 0 0 0 0 0 0 0 0 0 1 0 0 0 0 0 0 0 0 0 0 0 0 0 0 0 0 0 0 0 0 0 0 1 
state.00011000 0 0 0 0 0 0 0 0 0 0 0 0 0 0 0 0 0 0 0 0 0 0 0 0 0 0 0 0 0 0 0 0 0 0 0 0 0 0 0 0 0 0 0 0 0 0 0 0 0 0 0 0 0 0 0 0 0 0 0 0 0 0 0 0 0 0 0 0 0 0 0 0 0 0 0 0 0 0 0 0 0 0 0 0 0 0 0 0 0 0 0 0 0 0 0 0 0 0 0 0 0 0 0 0 0 0 0 0 1 0 0 0 0 0 0 0 0 0 0 0 0 0 0 0 0 0 0 0 0 0 0 0 1 
state.00011001 0 0 0 0 0 0 0 0 0 0 0 0 0 0 0 0 0 0 0 0 0 0 0 0 0 0 0 0 0 0 0 0 0 0 0 0 0 0 0 0 0 0 0 0 0 0 0 0 0 0 0 0 0 0 0 0 0 0 0 0 0 0 0 0 0 0 0 0 0 0 0 0 0 0 0 0 0 0 0 0 0 0 0 0 0 0 0 0 0 0 0 0 0 0 0 0 0 0 0 0 0 0 0 0 0 0 0 1 0 0 0 0 0 0 0 0 0 0 0 0 0 0 0 0 0 0 0 0 0 0 0 0 1 
state.00011010 0 0 0 0 0 0 0 0 0 0 0 0 0 0 0 0 0 0 0 0 0 0 0 0 0 0 0 0 0 0 0 0 0 0 0 0 0 0 0 0 0 0 0 0 0 0 0 0 0 0 0 0 0 0 0 0 0 0 0 0 0 0 0 0 0 0 0 0 0 0 0 0 0 0 0 0 0 0 0 0 0 0 0 0 0 0 0 0 0 0 0 0 0 0 0 0 0 0 0 0 0 0 0 0 0 0 1 0 0 0 0 0 0 0 0 0 0 0 0 0 0 0 0 0 0 0 0 0 0 0 0 0 1 
state.00011011 0 0 0 0 0 0 0 0 0 0 0 0 0 0 0 0 0 0 0 0 0 0 0 0 0 0 0 0 0 0 0 0 0 0 0 0 0 0 0 0 0 0 0 0 0 0 0 0 0 0 0 0 0 0 0 0 0 0 0 0 0 0 0 0 0 0 0 0 0 0 0 0 0 0 0 0 0 0 0 0 0 0 0 0 0 0 0 0 0 0 0 0 0 0 0 0 0 0 0 0 0 0 0 0 0 1 0 0 0 0 0 0 0 0 0 0 0 0 0 0 0 0 0 0 0 0 0 0 0 0 0 0 1 
state.00011100 0 0 0 0 0 0 0 0 0 0 0 0 0 0 0 0 0 0 0 0 0 0 0 0 0 0 0 0 0 0 0 0 0 0 0 0 0 0 0 0 0 0 0 0 0 0 0 0 0 0 0 0 0 0 0 0 0 0 0 0 0 0 0 0 0 0 0 0 0 0 0 0 0 0 0 0 0 0 0 0 0 0 0 0 0 0 0 0 0 0 0 0 0 0 0 0 0 0 0 0 0 0 0 0 1 0 0 0 0 0 0 0 0 0 0 0 0 0 0 0 0 0 0 0 0 0 0 0 0 0 0 0 1 
state.00011101 0 0 0 0 0 0 0 0 0 0 0 0 0 0 0 0 0 0 0 0 0 0 0 0 0 0 0 0 0 0 0 0 0 0 0 0 0 0 0 0 0 0 0 0 0 0 0 0 0 0 0 0 0 0 0 0 0 0 0 0 0 0 0 0 0 0 0 0 0 0 0 0 0 0 0 0 0 0 0 0 0 0 0 0 0 0 0 0 0 0 0 0 0 0 0 0 0 0 0 0 0 0 0 1 0 0 0 0 0 0 0 0 0 0 0 0 0 0 0 0 0 0 0 0 0 0 0 0 0 0 0 0 1 
state.00011110 0 0 0 0 0 0 0 0 0 0 0 0 0 0 0 0 0 0 0 0 0 0 0 0 0 0 0 0 0 0 0 0 0 0 0 0 0 0 0 0 0 0 0 0 0 0 0 0 0 0 0 0 0 0 0 0 0 0 0 0 0 0 0 0 0 0 0 0 0 0 0 0 0 0 0 0 0 0 0 0 0 0 0 0 0 0 0 0 0 0 0 0 0 0 0 0 0 0 0 0 0 0 1 0 0 0 0 0 0 0 0 0 0 0 0 0 0 0 0 0 0 0 0 0 0 0 0 0 0 0 0 0 1 
state.00011111 0 0 0 0 0 0 0 0 0 0 0 0 0 0 0 0 0 0 0 0 0 0 0 0 0 0 0 0 0 0 0 0 0 0 0 0 0 0 0 0 0 0 0 0 0 0 0 0 0 0 0 0 0 0 0 0 0 0 0 0 0 0 0 0 0 0 0 0 0 0 0 0 0 0 0 0 0 0 0 0 0 0 0 0 0 0 0 0 0 0 0 0 0 0 0 0 0 0 0 0 0 1 0 0 0 0 0 0 0 0 0 0 0 0 0 0 0 0 0 0 0 0 0 0 0 0 0 0 0 0 0 0 1 
state.00100000 0 0 0 0 0 0 0 0 0 0 0 0 0 0 0 0 0 0 0 0 0 0 0 0 0 0 0 0 0 0 0 0 0 0 0 0 0 0 0 0 0 0 0 0 0 0 0 0 0 0 0 0 0 0 0 0 0 0 0 0 0 0 0 0 0 0 0 0 0 0 0 0 0 0 0 0 0 0 0 0 0 0 0 0 0 0 0 0 0 0 0 0 0 0 0 0 0 0 0 0 1 0 0 0 0 0 0 0 0 0 0 0 0 0 0 0 0 0 0 0 0 0 0 0 0 0 0 0 0 0 0 0 1 
state.00100001 0 0 0 0 0 0 0 0 0 0 0 0 0 0 0 0 0 0 0 0 0 0 0 0 0 0 0 0 0 0 0 0 0 0 0 0 0 0 0 0 0 0 0 0 0 0 0 0 0 0 0 0 0 0 0 0 0 0 0 0 0 0 0 0 0 0 0 0 0 0 0 0 0 0 0 0 0 0 0 0 0 0 0 0 0 0 0 0 0 0 0 0 0 0 0 0 0 0 0 1 0 0 0 0 0 0 0 0 0 0 0 0 0 0 0 0 0 0 0 0 0 0 0 0 0 0 0 0 0 0 0 0 1 
state.00100010 0 0 0 0 0 0 0 0 0 0 0 0 0 0 0 0 0 0 0 0 0 0 0 0 0 0 0 0 0 0 0 0 0 0 0 0 0 0 0 0 0 0 0 0 0 0 0 0 0 0 0 0 0 0 0 0 0 0 0 0 0 0 0 0 0 0 0 0 0 0 0 0 0 0 0 0 0 0 0 0 0 0 0 0 0 0 0 0 0 0 0 0 0 0 0 0 0 0 1 0 0 0 0 0 0 0 0 0 0 0 0 0 0 0 0 0 0 0 0 0 0 0 0 0 0 0 0 0 0 0 0 0 1 
state.00100011 0 0 0 0 0 0 0 0 0 0 0 0 0 0 0 0 0 0 0 0 0 0 0 0 0 0 0 0 0 0 0 0 0 0 0 0 0 0 0 0 0 0 0 0 0 0 0 0 0 0 0 0 0 0 0 0 0 0 0 0 0 0 0 0 0 0 0 0 0 0 0 0 0 0 0 0 0 0 0 0 0 0 0 0 0 0 0 0 0 0 0 0 0 0 0 0 0 1 0 0 0 0 0 0 0 0 0 0 0 0 0 0 0 0 0 0 0 0 0 0 0 0 0 0 0 0 0 0 0 0 0 0 1 
state.00100100 0 0 0 0 0 0 0 0 0 0 0 0 0 0 0 0 0 0 0 0 0 0 0 0 0 0 0 0 0 0 0 0 0 0 0 0 0 0 0 0 0 0 0 0 0 0 0 0 0 0 0 0 0 0 0 0 0 0 0 0 0 0 0 0 0 0 0 0 0 0 0 0 0 0 0 0 0 0 0 0 0 0 0 0 0 0 0 0 0 0 0 0 0 0 0 0 1 0 0 0 0 0 0 0 0 0 0 0 0 0 0 0 0 0 0 0 0 0 0 0 0 0 0 0 0 0 0 0 0 0 0 0 1 
state.00100101 0 0 0 0 0 0 0 0 0 0 0 0 0 0 0 0 0 0 0 0 0 0 0 0 0 0 0 0 0 0 0 0 0 0 0 0 0 0 0 0 0 0 0 0 0 0 0 0 0 0 0 0 0 0 0 0 0 0 0 0 0 0 0 0 0 0 0 0 0 0 0 0 0 0 0 0 0 0 0 0 0 0 0 0 0 0 0 0 0 0 0 0 0 0 0 1 0 0 0 0 0 0 0 0 0 0 0 0 0 0 0 0 0 0 0 0 0 0 0 0 0 0 0 0 0 0 0 0 0 0 0 0 1 
state.00100110 0 0 0 0 0 0 0 0 0 0 0 0 0 0 0 0 0 0 0 0 0 0 0 0 0 0 0 0 0 0 0 0 0 0 0 0 0 0 0 0 0 0 0 0 0 0 0 0 0 0 0 0 0 0 0 0 0 0 0 0 0 0 0 0 0 0 0 0 0 0 0 0 0 0 0 0 0 0 0 0 0 0 0 0 0 0 0 0 0 0 0 0 0 0 1 0 0 0 0 0 0 0 0 0 0 0 0 0 0 0 0 0 0 0 0 0 0 0 0 0 0 0 0 0 0 0 0 0 0 0 0 0 1 
state.00100111 0 0 0 0 0 0 0 0 0 0 0 0 0 0 0 0 0 0 0 0 0 0 0 0 0 0 0 0 0 0 0 0 0 0 0 0 0 0 0 0 0 0 0 0 0 0 0 0 0 0 0 0 0 0 0 0 0 0 0 0 0 0 0 0 0 0 0 0 0 0 0 0 0 0 0 0 0 0 0 0 0 0 0 0 0 0 0 0 0 0 0 0 0 1 0 0 0 0 0 0 0 0 0 0 0 0 0 0 0 0 0 0 0 0 0 0 0 0 0 0 0 0 0 0 0 0 0 0 0 0 0 0 1 
state.00101000 0 0 0 0 0 0 0 0 0 0 0 0 0 0 0 0 0 0 0 0 0 0 0 0 0 0 0 0 0 0 0 0 0 0 0 0 0 0 0 0 0 0 0 0 0 0 0 0 0 0 0 0 0 0 0 0 0 0 0 0 0 0 0 0 0 0 0 0 0 0 0 0 0 0 0 0 0 0 0 0 0 0 0 0 0 0 0 0 0 0 0 0 1 0 0 0 0 0 0 0 0 0 0 0 0 0 0 0 0 0 0 0 0 0 0 0 0 0 0 0 0 0 0 0 0 0 0 0 0 0 0 0 1 
state.00101001 0 0 0 0 0 0 0 0 0 0 0 0 0 0 0 0 0 0 0 0 0 0 0 0 0 0 0 0 0 0 0 0 0 0 0 0 0 0 0 0 0 0 0 0 0 0 0 0 0 0 0 0 0 0 0 0 0 0 0 0 0 0 0 0 0 0 0 0 0 0 0 0 0 0 0 0 0 0 0 0 0 0 0 0 0 0 0 0 0 0 0 1 0 0 0 0 0 0 0 0 0 0 0 0 0 0 0 0 0 0 0 0 0 0 0 0 0 0 0 0 0 0 0 0 0 0 0 0 0 0 0 0 1 
state.00101010 0 0 0 0 0 0 0 0 0 0 0 0 0 0 0 0 0 0 0 0 0 0 0 0 0 0 0 0 0 0 0 0 0 0 0 0 0 0 0 0 0 0 0 0 0 0 0 0 0 0 0 0 0 0 0 0 0 0 0 0 0 0 0 0 0 0 0 0 0 0 0 0 0 0 0 0 0 0 0 0 0 0 0 0 0 0 0 0 0 0 1 0 0 0 0 0 0 0 0 0 0 0 0 0 0 0 0 0 0 0 0 0 0 0 0 0 0 0 0 0 0 0 0 0 0 0 0 0 0 0 0 0 1 
state.00101011 0 0 0 0 0 0 0 0 0 0 0 0 0 0 0 0 0 0 0 0 0 0 0 0 0 0 0 0 0 0 0 0 0 0 0 0 0 0 0 0 0 0 0 0 0 0 0 0 0 0 0 0 0 0 0 0 0 0 0 0 0 0 0 0 0 0 0 0 0 0 0 0 0 0 0 0 0 0 0 0 0 0 0 0 0 0 0 0 0 1 0 0 0 0 0 0 0 0 0 0 0 0 0 0 0 0 0 0 0 0 0 0 0 0 0 0 0 0 0 0 0 0 0 0 0 0 0 0 0 0 0 0 1 
state.00101100 0 0 0 0 0 0 0 0 0 0 0 0 0 0 0 0 0 0 0 0 0 0 0 0 0 0 0 0 0 0 0 0 0 0 0 0 0 0 0 0 0 0 0 0 0 0 0 0 0 0 0 0 0 0 0 0 0 0 0 0 0 0 0 0 0 0 0 0 0 0 0 0 0 0 0 0 0 0 0 0 0 0 0 0 0 0 0 0 1 0 0 0 0 0 0 0 0 0 0 0 0 0 0 0 0 0 0 0 0 0 0 0 0 0 0 0 0 0 0 0 0 0 0 0 0 0 0 0 0 0 0 0 1 
state.00101101 0 0 0 0 0 0 0 0 0 0 0 0 0 0 0 0 0 0 0 0 0 0 0 0 0 0 0 0 0 0 0 0 0 0 0 0 0 0 0 0 0 0 0 0 0 0 0 0 0 0 0 0 0 0 0 0 0 0 0 0 0 0 0 0 0 0 0 0 0 0 0 0 0 0 0 0 0 0 0 0 0 0 0 0 0 0 0 1 0 0 0 0 0 0 0 0 0 0 0 0 0 0 0 0 0 0 0 0 0 0 0 0 0 0 0 0 0 0 0 0 0 0 0 0 0 0 0 0 0 0 0 0 1 
state.00101110 0 0 0 0 0 0 0 0 0 0 0 0 0 0 0 0 0 0 0 0 0 0 0 0 0 0 0 0 0 0 0 0 0 0 0 0 0 0 0 0 0 0 0 0 0 0 0 0 0 0 0 0 0 0 0 0 0 0 0 0 0 0 0 0 0 0 0 0 0 0 0 0 0 0 0 0 0 0 0 0 0 0 0 0 0 0 1 0 0 0 0 0 0 0 0 0 0 0 0 0 0 0 0 0 0 0 0 0 0 0 0 0 0 0 0 0 0 0 0 0 0 0 0 0 0 0 0 0 0 0 0 0 1 
state.00101111 0 0 0 0 0 0 0 0 0 0 0 0 0 0 0 0 0 0 0 0 0 0 0 0 0 0 0 0 0 0 0 0 0 0 0 0 0 0 0 0 0 0 0 0 0 0 0 0 0 0 0 0 0 0 0 0 0 0 0 0 0 0 0 0 0 0 0 0 0 0 0 0 0 0 0 0 0 0 0 0 0 0 0 0 0 1 0 0 0 0 0 0 0 0 0 0 0 0 0 0 0 0 0 0 0 0 0 0 0 0 0 0 0 0 0 0 0 0 0 0 0 0 0 0 0 0 0 0 0 0 0 0 1 
state.00110000 0 0 0 0 0 0 0 0 0 0 0 0 0 0 0 0 0 0 0 0 0 0 0 0 0 0 0 0 0 0 0 0 0 0 0 0 0 0 0 0 0 0 0 0 0 0 0 0 0 0 0 0 0 0 0 0 0 0 0 0 0 0 0 0 0 0 0 0 0 0 0 0 0 0 0 0 0 0 0 0 0 0 0 0 1 0 0 0 0 0 0 0 0 0 0 0 0 0 0 0 0 0 0 0 0 0 0 0 0 0 0 0 0 0 0 0 0 0 0 0 0 0 0 0 0 0 0 0 0 0 0 0 1 
state.00110001 0 0 0 0 0 0 0 0 0 0 0 0 0 0 0 0 0 0 0 0 0 0 0 0 0 0 0 0 0 0 0 0 0 0 0 0 0 0 0 0 0 0 0 0 0 0 0 0 0 0 0 0 0 0 0 0 0 0 0 0 0 0 0 0 0 0 0 0 0 0 0 0 0 0 0 0 0 0 0 0 0 0 0 1 0 0 0 0 0 0 0 0 0 0 0 0 0 0 0 0 0 0 0 0 0 0 0 0 0 0 0 0 0 0 0 0 0 0 0 0 0 0 0 0 0 0 0 0 0 0 0 0 1 
state.00110010 0 0 0 0 0 0 0 0 0 0 0 0 0 0 0 0 0 0 0 0 0 0 0 0 0 0 0 0 0 0 0 0 0 0 0 0 0 0 0 0 0 0 0 0 0 0 0 0 0 0 0 0 0 0 0 0 0 0 0 0 0 0 0 0 0 0 0 0 0 0 0 0 0 0 0 0 0 0 0 0 0 0 1 0 0 0 0 0 0 0 0 0 0 0 0 0 0 0 0 0 0 0 0 0 0 0 0 0 0 0 0 0 0 0 0 0 0 0 0 0 0 0 0 0 0 0 0 0 0 0 0 0 1 
state.00110011 0 0 0 0 0 0 0 0 0 0 0 0 0 0 0 0 0 0 0 0 0 0 0 0 0 0 0 0 0 0 0 0 0 0 0 0 0 0 0 0 0 0 0 0 0 0 0 0 0 0 0 0 0 0 0 0 0 0 0 0 0 0 0 0 0 0 0 0 0 0 0 0 0 0 0 0 0 0 0 0 0 1 0 0 0 0 0 0 0 0 0 0 0 0 0 0 0 0 0 0 0 0 0 0 0 0 0 0 0 0 0 0 0 0 0 0 0 0 0 0 0 0 0 0 0 0 0 0 0 0 0 0 1 
state.00110100 0 0 0 0 0 0 0 0 0 0 0 0 0 0 0 0 0 0 0 0 0 0 0 0 0 0 0 0 0 0 0 0 0 0 0 0 0 0 0 0 0 0 0 0 0 0 0 0 0 0 0 0 0 0 0 0 0 0 0 0 0 0 0 0 0 0 0 0 0 0 0 0 0 0 0 0 0 0 0 0 1 0 0 0 0 0 0 0 0 0 0 0 0 0 0 0 0 0 0 0 0 0 0 0 0 0 0 0 0 0 0 0 0 0 0 0 0 0 0 0 0 0 0 0 0 0 0 0 0 0 0 0 1 
state.00110101 0 0 0 0 0 0 0 0 0 0 0 0 0 0 0 0 0 0 0 0 0 0 0 0 0 0 0 0 0 0 0 0 0 0 0 0 0 0 0 0 0 0 0 0 0 0 0 0 0 0 0 0 0 0 0 0 0 0 0 0 0 0 0 0 0 0 0 0 0 0 0 0 0 0 0 0 0 0 0 1 0 0 0 0 0 0 0 0 0 0 0 0 0 0 0 0 0 0 0 0 0 0 0 0 0 0 0 0 0 0 0 0 0 0 0 0 0 0 0 0 0 0 0 0 0 0 0 0 0 0 0 0 1 
state.00110110 0 0 0 0 0 0 0 0 0 0 0 0 0 0 0 0 0 0 0 0 0 0 0 0 0 0 0 0 0 0 0 0 0 0 0 0 0 0 0 0 0 0 0 0 0 0 0 0 0 0 0 0 0 0 0 0 0 0 0 0 0 0 0 0 0 0 0 0 0 0 0 0 0 0 0 0 0 0 1 0 0 0 0 0 0 0 0 0 0 0 0 0 0 0 0 0 0 0 0 0 0 0 0 0 0 0 0 0 0 0 0 0 0 0 0 0 0 0 0 0 0 0 0 0 0 0 0 0 0 0 0 0 1 
state.00110111 0 0 0 0 0 0 0 0 0 0 0 0 0 0 0 0 0 0 0 0 0 0 0 0 0 0 0 0 0 0 0 0 0 0 0 0 0 0 0 0 0 0 0 0 0 0 0 0 0 0 0 0 0 0 0 0 0 0 0 0 0 0 0 0 0 0 0 0 0 0 0 0 0 0 0 0 0 1 0 0 0 0 0 0 0 0 0 0 0 0 0 0 0 0 0 0 0 0 0 0 0 0 0 0 0 0 0 0 0 0 0 0 0 0 0 0 0 0 0 0 0 0 0 0 0 0 0 0 0 0 0 0 1 
state.00111000 0 0 0 0 0 0 0 0 0 0 0 0 0 0 0 0 0 0 0 0 0 0 0 0 0 0 0 0 0 0 0 0 0 0 0 0 0 0 0 0 0 0 0 0 0 0 0 0 0 0 0 0 0 0 0 0 0 0 0 0 0 0 0 0 0 0 0 0 0 0 0 0 0 0 0 0 1 0 0 0 0 0 0 0 0 0 0 0 0 0 0 0 0 0 0 0 0 0 0 0 0 0 0 0 0 0 0 0 0 0 0 0 0 0 0 0 0 0 0 0 0 0 0 0 0 0 0 0 0 0 0 0 1 
state.00111001 0 0 0 0 0 0 0 0 0 0 0 0 0 0 0 0 0 0 0 0 0 0 0 0 0 0 0 0 0 0 0 0 0 0 0 0 0 0 0 0 0 0 0 0 0 0 0 0 0 0 0 0 0 0 0 0 0 0 0 0 0 0 0 0 0 0 0 0 0 0 0 0 0 0 0 1 0 0 0 0 0 0 0 0 0 0 0 0 0 0 0 0 0 0 0 0 0 0 0 0 0 0 0 0 0 0 0 0 0 0 0 0 0 0 0 0 0 0 0 0 0 0 0 0 0 0 0 0 0 0 0 0 1 
state.00111010 0 0 0 0 0 0 0 0 0 0 0 0 0 0 0 0 0 0 0 0 0 0 0 0 0 0 0 0 0 0 0 0 0 0 0 0 0 0 0 0 0 0 0 0 0 0 0 0 0 0 0 0 0 0 0 0 0 0 0 0 0 0 0 0 0 0 0 0 0 0 0 0 0 0 1 0 0 0 0 0 0 0 0 0 0 0 0 0 0 0 0 0 0 0 0 0 0 0 0 0 0 0 0 0 0 0 0 0 0 0 0 0 0 0 0 0 0 0 0 0 0 0 0 0 0 0 0 0 0 0 0 0 1 
state.00111011 0 0 0 0 0 0 0 0 0 0 0 0 0 0 0 0 0 0 0 0 0 0 0 0 0 0 0 0 0 0 0 0 0 0 0 0 0 0 0 0 0 0 0 0 0 0 0 0 0 0 0 0 0 0 0 0 0 0 0 0 0 0 0 0 0 0 0 0 0 0 0 0 0 1 0 0 0 0 0 0 0 0 0 0 0 0 0 0 0 0 0 0 0 0 0 0 0 0 0 0 0 0 0 0 0 0 0 0 0 0 0 0 0 0 0 0 0 0 0 0 0 0 0 0 0 0 0 0 0 0 0 0 1 
state.00111100 0 0 0 0 0 0 0 0 0 0 0 0 0 0 0 0 0 0 0 0 0 0 0 0 0 0 0 0 0 0 0 0 0 0 0 0 0 0 0 0 0 0 0 0 0 0 0 0 0 0 0 0 0 0 0 0 0 0 0 0 0 0 0 0 0 0 0 0 0 0 0 0 1 0 0 0 0 0 0 0 0 0 0 0 0 0 0 0 0 0 0 0 0 0 0 0 0 0 0 0 0 0 0 0 0 0 0 0 0 0 0 0 0 0 0 0 0 0 0 0 0 0 0 0 0 0 0 0 0 0 0 0 1 
state.00111101 0 0 0 0 0 0 0 0 0 0 0 0 0 0 0 0 0 0 0 0 0 0 0 0 0 0 0 0 0 0 0 0 0 0 0 0 0 0 0 0 0 0 0 0 0 0 0 0 0 0 0 0 0 0 0 0 0 0 0 0 0 0 0 0 0 0 0 0 0 0 0 1 0 0 0 0 0 0 0 0 0 0 0 0 0 0 0 0 0 0 0 0 0 0 0 0 0 0 0 0 0 0 0 0 0 0 0 0 0 0 0 0 0 0 0 0 0 0 0 0 0 0 0 0 0 0 0 0 0 0 0 0 1 
state.00111110 0 0 0 0 0 0 0 0 0 0 0 0 0 0 0 0 0 0 0 0 0 0 0 0 0 0 0 0 0 0 0 0 0 0 0 0 0 0 0 0 0 0 0 0 0 0 0 0 0 0 0 0 0 0 0 0 0 0 0 0 0 0 0 0 0 0 0 0 0 0 1 0 0 0 0 0 0 0 0 0 0 0 0 0 0 0 0 0 0 0 0 0 0 0 0 0 0 0 0 0 0 0 0 0 0 0 0 0 0 0 0 0 0 0 0 0 0 0 0 0 0 0 0 0 0 0 0 0 0 0 0 0 1 
state.00111111 0 0 0 0 0 0 0 0 0 0 0 0 0 0 0 0 0 0 0 0 0 0 0 0 0 0 0 0 0 0 0 0 0 0 0 0 0 0 0 0 0 0 0 0 0 0 0 0 0 0 0 0 0 0 0 0 0 0 0 0 0 0 0 0 0 0 0 0 0 1 0 0 0 0 0 0 0 0 0 0 0 0 0 0 0 0 0 0 0 0 0 0 0 0 0 0 0 0 0 0 0 0 0 0 0 0 0 0 0 0 0 0 0 0 0 0 0 0 0 0 0 0 0 0 0 0 0 0 0 0 0 0 1 
state.01000000 0 0 0 0 0 0 0 0 0 0 0 0 0 0 0 0 0 0 0 0 0 0 0 0 0 0 0 0 0 0 0 0 0 0 0 0 0 0 0 0 0 0 0 0 0 0 0 0 0 0 0 0 0 0 0 0 0 0 0 0 0 0 0 0 0 0 0 0 1 0 0 0 0 0 0 0 0 0 0 0 0 0 0 0 0 0 0 0 0 0 0 0 0 0 0 0 0 0 0 0 0 0 0 0 0 0 0 0 0 0 0 0 0 0 0 0 0 0 0 0 0 0 0 0 0 0 0 0 0 0 0 0 1 
state.01000001 0 0 0 0 0 0 0 0 0 0 0 0 0 0 0 0 0 0 0 0 0 0 0 0 0 0 0 0 0 0 0 0 0 0 0 0 0 0 0 0 0 0 0 0 0 0 0 0 0 0 0 0 0 0 0 0 0 0 0 0 0 0 0 0 0 0 0 1 0 0 0 0 0 0 0 0 0 0 0 0 0 0 0 0 0 0 0 0 0 0 0 0 0 0 0 0 0 0 0 0 0 0 0 0 0 0 0 0 0 0 0 0 0 0 0 0 0 0 0 0 0 0 0 0 0 0 0 0 0 0 0 0 1 
state.01000010 0 0 0 0 0 0 0 0 0 0 0 0 0 0 0 0 0 0 0 0 0 0 0 0 0 0 0 0 0 0 0 0 0 0 0 0 0 0 0 0 0 0 0 0 0 0 0 0 0 0 0 0 0 0 0 0 0 0 0 0 0 0 0 0 0 0 1 0 0 0 0 0 0 0 0 0 0 0 0 0 0 0 0 0 0 0 0 0 0 0 0 0 0 0 0 0 0 0 0 0 0 0 0 0 0 0 0 0 0 0 0 0 0 0 0 0 0 0 0 0 0 0 0 0 0 0 0 0 0 0 0 0 1 
state.01000011 0 0 0 0 0 0 0 0 0 0 0 0 0 0 0 0 0 0 0 0 0 0 0 0 0 0 0 0 0 0 0 0 0 0 0 0 0 0 0 0 0 0 0 0 0 0 0 0 0 0 0 0 0 0 0 0 0 0 0 0 0 0 0 0 0 1 0 0 0 0 0 0 0 0 0 0 0 0 0 0 0 0 0 0 0 0 0 0 0 0 0 0 0 0 0 0 0 0 0 0 0 0 0 0 0 0 0 0 0 0 0 0 0 0 0 0 0 0 0 0 0 0 0 0 0 0 0 0 0 0 0 0 1 
state.01000100 0 0 0 0 0 0 0 0 0 0 0 0 0 0 0 0 0 0 0 0 0 0 0 0 0 0 0 0 0 0 0 0 0 0 0 0 0 0 0 0 0 0 0 0 0 0 0 0 0 0 0 0 0 0 0 0 0 0 0 0 0 0 0 0 1 0 0 0 0 0 0 0 0 0 0 0 0 0 0 0 0 0 0 0 0 0 0 0 0 0 0 0 0 0 0 0 0 0 0 0 0 0 0 0 0 0 0 0 0 0 0 0 0 0 0 0 0 0 0 0 0 0 0 0 0 0 0 0 0 0 0 0 1 
state.01000101 0 0 0 0 0 0 0 0 0 0 0 0 0 0 0 0 0 0 0 0 0 0 0 0 0 0 0 0 0 0 0 0 0 0 0 0 0 0 0 0 0 0 0 0 0 0 0 0 0 0 0 0 0 0 0 0 0 0 0 0 0 0 0 1 0 0 0 0 0 0 0 0 0 0 0 0 0 0 0 0 0 0 0 0 0 0 0 0 0 0 0 0 0 0 0 0 0 0 0 0 0 0 0 0 0 0 0 0 0 0 0 0 0 0 0 0 0 0 0 0 0 0 0 0 0 0 0 0 0 0 0 0 1 
state.01000110 0 0 0 0 0 0 0 0 0 0 0 0 0 0 0 0 0 0 0 0 0 0 0 0 0 0 0 0 0 0 0 0 0 0 0 0 0 0 0 0 0 0 0 0 0 0 0 0 0 0 0 0 0 0 0 0 0 0 0 0 0 0 1 0 0 0 0 0 0 0 0 0 0 0 0 0 0 0 0 0 0 0 0 0 0 0 0 0 0 0 0 0 0 0 0 0 0 0 0 0 0 0 0 0 0 0 0 0 0 0 0 0 0 0 0 0 0 0 0 0 0 0 0 0 0 0 0 0 0 0 0 0 1 
state.01000111 0 0 0 0 0 0 0 0 0 0 0 0 0 0 0 0 0 0 0 0 0 0 0 0 0 0 0 0 0 0 0 0 0 0 0 0 0 0 0 0 0 0 0 0 0 0 0 0 0 0 0 0 0 0 0 0 0 0 0 0 0 1 0 0 0 0 0 0 0 0 0 0 0 0 0 0 0 0 0 0 0 0 0 0 0 0 0 0 0 0 0 0 0 0 0 0 0 0 0 0 0 0 0 0 0 0 0 0 0 0 0 0 0 0 0 0 0 0 0 0 0 0 0 0 0 0 0 0 0 0 0 0 1 
state.01001000 0 0 0 0 0 0 0 0 0 0 0 0 0 0 0 0 0 0 0 0 0 0 0 0 0 0 0 0 0 0 0 0 0 0 0 0 0 0 0 0 0 0 0 0 0 0 0 0 0 0 0 0 0 0 0 0 0 0 0 0 1 0 0 0 0 0 0 0 0 0 0 0 0 0 0 0 0 0 0 0 0 0 0 0 0 0 0 0 0 0 0 0 0 0 0 0 0 0 0 0 0 0 0 0 0 0 0 0 0 0 0 0 0 0 0 0 0 0 0 0 0 0 0 0 0 0 0 0 0 0 0 0 1 
state.01001001 0 0 0 0 0 0 0 0 0 0 0 0 0 0 0 0 0 0 0 0 0 0 0 0 0 0 0 0 0 0 0 0 0 0 0 0 0 0 0 0 0 0 0 0 0 0 0 0 0 0 0 0 0 0 0 0 0 0 0 1 0 0 0 0 0 0 0 0 0 0 0 0 0 0 0 0 0 0 0 0 0 0 0 0 0 0 0 0 0 0 0 0 0 0 0 0 0 0 0 0 0 0 0 0 0 0 0 0 0 0 0 0 0 0 0 0 0 0 0 0 0 0 0 0 0 0 0 0 0 0 0 0 1 
state.01001010 0 0 0 0 0 0 0 0 0 0 0 0 0 0 0 0 0 0 0 0 0 0 0 0 0 0 0 0 0 0 0 0 0 0 0 0 0 0 0 0 0 0 0 0 0 0 0 0 0 0 0 0 0 0 0 0 0 0 1 0 0 0 0 0 0 0 0 0 0 0 0 0 0 0 0 0 0 0 0 0 0 0 0 0 0 0 0 0 0 0 0 0 0 0 0 0 0 0 0 0 0 0 0 0 0 0 0 0 0 0 0 0 0 0 0 0 0 0 0 0 0 0 0 0 0 0 0 0 0 0 0 0 1 
state.01001011 0 0 0 0 0 0 0 0 0 0 0 0 0 0 0 0 0 0 0 0 0 0 0 0 0 0 0 0 0 0 0 0 0 0 0 0 0 0 0 0 0 0 0 0 0 0 0 0 0 0 0 0 0 0 0 0 0 1 0 0 0 0 0 0 0 0 0 0 0 0 0 0 0 0 0 0 0 0 0 0 0 0 0 0 0 0 0 0 0 0 0 0 0 0 0 0 0 0 0 0 0 0 0 0 0 0 0 0 0 0 0 0 0 0 0 0 0 0 0 0 0 0 0 0 0 0 0 0 0 0 0 0 1 
state.01001100 0 0 0 0 0 0 0 0 0 0 0 0 0 0 0 0 0 0 0 0 0 0 0 0 0 0 0 0 0 0 0 0 0 0 0 0 0 0 0 0 0 0 0 0 0 0 0 0 0 0 0 0 0 0 0 0 1 0 0 0 0 0 0 0 0 0 0 0 0 0 0 0 0 0 0 0 0 0 0 0 0 0 0 0 0 0 0 0 0 0 0 0 0 0 0 0 0 0 0 0 0 0 0 0 0 0 0 0 0 0 0 0 0 0 0 0 0 0 0 0 0 0 0 0 0 0 0 0 0 0 0 0 1 
state.01001101 0 0 0 0 0 0 0 0 0 0 0 0 0 0 0 0 0 0 0 0 0 0 0 0 0 0 0 0 0 0 0 0 0 0 0 0 0 0 0 0 0 0 0 0 0 0 0 0 0 0 0 0 0 0 0 1 0 0 0 0 0 0 0 0 0 0 0 0 0 0 0 0 0 0 0 0 0 0 0 0 0 0 0 0 0 0 0 0 0 0 0 0 0 0 0 0 0 0 0 0 0 0 0 0 0 0 0 0 0 0 0 0 0 0 0 0 0 0 0 0 0 0 0 0 0 0 0 0 0 0 0 0 1 
state.01001110 0 0 0 0 0 0 0 0 0 0 0 0 0 0 0 0 0 0 0 0 0 0 0 0 0 0 0 0 0 0 0 0 0 0 0 0 0 0 0 0 0 0 0 0 0 0 0 0 0 0 0 0 0 0 1 0 0 0 0 0 0 0 0 0 0 0 0 0 0 0 0 0 0 0 0 0 0 0 0 0 0 0 0 0 0 0 0 0 0 0 0 0 0 0 0 0 0 0 0 0 0 0 0 0 0 0 0 0 0 0 0 0 0 0 0 0 0 0 0 0 0 0 0 0 0 0 0 0 0 0 0 0 1 
state.01001111 0 0 0 0 0 0 0 0 0 0 0 0 0 0 0 0 0 0 0 0 0 0 0 0 0 0 0 0 0 0 0 0 0 0 0 0 0 0 0 0 0 0 0 0 0 0 0 0 0 0 0 0 0 1 0 0 0 0 0 0 0 0 0 0 0 0 0 0 0 0 0 0 0 0 0 0 0 0 0 0 0 0 0 0 0 0 0 0 0 0 0 0 0 0 0 0 0 0 0 0 0 0 0 0 0 0 0 0 0 0 0 0 0 0 0 0 0 0 0 0 0 0 0 0 0 0 0 0 0 0 0 0 1 
state.01010000 0 0 0 0 0 0 0 0 0 0 0 0 0 0 0 0 0 0 0 0 0 0 0 0 0 0 0 0 0 0 0 0 0 0 0 0 0 0 0 0 0 0 0 0 0 0 0 0 0 0 0 0 1 0 0 0 0 0 0 0 0 0 0 0 0 0 0 0 0 0 0 0 0 0 0 0 0 0 0 0 0 0 0 0 0 0 0 0 0 0 0 0 0 0 0 0 0 0 0 0 0 0 0 0 0 0 0 0 0 0 0 0 0 0 0 0 0 0 0 0 0 0 0 0 0 0 0 0 0 0 0 0 1 
state.01010001 0 0 0 0 0 0 0 0 0 0 0 0 0 0 0 0 0 0 0 0 0 0 0 0 0 0 0 0 0 0 0 0 0 0 0 0 0 0 0 0 0 0 0 0 0 0 0 0 0 0 0 1 0 0 0 0 0 0 0 0 0 0 0 0 0 0 0 0 0 0 0 0 0 0 0 0 0 0 0 0 0 0 0 0 0 0 0 0 0 0 0 0 0 0 0 0 0 0 0 0 0 0 0 0 0 0 0 0 0 0 0 0 0 0 0 0 0 0 0 0 0 0 0 0 0 0 0 0 0 0 0 0 1 
state.01010010 0 0 0 0 0 0 0 0 0 0 0 0 0 0 0 0 0 0 0 0 0 0 0 0 0 0 0 0 0 0 0 0 0 0 0 0 0 0 0 0 0 0 0 0 0 0 0 0 0 0 1 0 0 0 0 0 0 0 0 0 0 0 0 0 0 0 0 0 0 0 0 0 0 0 0 0 0 0 0 0 0 0 0 0 0 0 0 0 0 0 0 0 0 0 0 0 0 0 0 0 0 0 0 0 0 0 0 0 0 0 0 0 0 0 0 0 0 0 0 0 0 0 0 0 0 0 0 0 0 0 0 0 1 
state.01010011 0 0 0 0 0 0 0 0 0 0 0 0 0 0 0 0 0 0 0 0 0 0 0 0 0 0 0 0 0 0 0 0 0 0 0 0 0 0 0 0 0 0 0 0 0 0 0 0 0 1 0 0 0 0 0 0 0 0 0 0 0 0 0 0 0 0 0 0 0 0 0 0 0 0 0 0 0 0 0 0 0 0 0 0 0 0 0 0 0 0 0 0 0 0 0 0 0 0 0 0 0 0 0 0 0 0 0 0 0 0 0 0 0 0 0 0 0 0 0 0 0 0 0 0 0 0 0 0 0 0 0 0 1 
state.01010100 0 0 0 0 0 0 0 0 0 0 0 0 0 0 0 0 0 0 0 0 0 0 0 0 0 0 0 0 0 0 0 0 0 0 0 0 0 0 0 0 0 0 0 0 0 0 0 0 1 0 0 0 0 0 0 0 0 0 0 0 0 0 0 0 0 0 0 0 0 0 0 0 0 0 0 0 0 0 0 0 0 0 0 0 0 0 0 0 0 0 0 0 0 0 0 0 0 0 0 0 0 0 0 0 0 0 0 0 0 0 0 0 0 0 0 0 0 0 0 0 0 0 0 0 0 0 0 0 0 0 0 0 1 
state.01010101 0 0 0 0 0 0 0 0 0 0 0 0 0 0 0 0 0 0 0 0 0 0 0 0 0 0 0 0 0 0 0 0 0 0 0 0 0 0 0 0 0 0 0 0 0 0 0 1 0 0 0 0 0 0 0 0 0 0 0 0 0 0 0 0 0 0 0 0 0 0 0 0 0 0 0 0 0 0 0 0 0 0 0 0 0 0 0 0 0 0 0 0 0 0 0 0 0 0 0 0 0 0 0 0 0 0 0 0 0 0 0 0 0 0 0 0 0 0 0 0 0 0 0 0 0 0 0 0 0 0 0 0 1 
state.01010110 0 0 0 0 0 0 0 0 0 0 0 0 0 0 0 0 0 0 0 0 0 0 0 0 0 0 0 0 0 0 0 0 0 0 0 0 0 0 0 0 0 0 0 0 0 0 1 0 0 0 0 0 0 0 0 0 0 0 0 0 0 0 0 0 0 0 0 0 0 0 0 0 0 0 0 0 0 0 0 0 0 0 0 0 0 0 0 0 0 0 0 0 0 0 0 0 0 0 0 0 0 0 0 0 0 0 0 0 0 0 0 0 0 0 0 0 0 0 0 0 0 0 0 0 0 0 0 0 0 0 0 0 1 
state.01010111 0 0 0 0 0 0 0 0 0 0 0 0 0 0 0 0 0 0 0 0 0 0 0 0 0 0 0 0 0 0 0 0 0 0 0 0 0 0 0 0 0 0 0 0 0 1 0 0 0 0 0 0 0 0 0 0 0 0 0 0 0 0 0 0 0 0 0 0 0 0 0 0 0 0 0 0 0 0 0 0 0 0 0 0 0 0 0 0 0 0 0 0 0 0 0 0 0 0 0 0 0 0 0 0 0 0 0 0 0 0 0 0 0 0 0 0 0 0 0 0 0 0 0 0 0 0 0 0 0 0 0 0 1 
state.01011000 0 0 0 0 0 0 0 0 0 0 0 0 0 0 0 0 0 0 0 0 0 0 0 0 0 0 0 0 0 0 0 0 0 0 0 0 0 0 0 0 0 0 0 0 1 0 0 0 0 0 0 0 0 0 0 0 0 0 0 0 0 0 0 0 0 0 0 0 0 0 0 0 0 0 0 0 0 0 0 0 0 0 0 0 0 0 0 0 0 0 0 0 0 0 0 0 0 0 0 0 0 0 0 0 0 0 0 0 0 0 0 0 0 0 0 0 0 0 0 0 0 0 0 0 0 0 0 0 0 0 0 0 1 
state.01011001 0 0 0 0 0 0 0 0 0 0 0 0 0 0 0 0 0 0 0 0 0 0 0 0 0 0 0 0 0 0 0 0 0 0 0 0 0 0 0 0 0 0 0 1 0 0 0 0 0 0 0 0 0 0 0 0 0 0 0 0 0 0 0 0 0 0 0 0 0 0 0 0 0 0 0 0 0 0 0 0 0 0 0 0 0 0 0 0 0 0 0 0 0 0 0 0 0 0 0 0 0 0 0 0 0 0 0 0 0 0 0 0 0 0 0 0 0 0 0 0 0 0 0 0 0 0 0 0 0 0 0 0 1 
state.01011010 0 0 0 0 0 0 0 0 0 0 0 0 0 0 0 0 0 0 0 0 0 0 0 0 0 0 0 0 0 0 0 0 0 0 0 0 0 0 0 0 0 0 1 0 0 0 0 0 0 0 0 0 0 0 0 0 0 0 0 0 0 0 0 0 0 0 0 0 0 0 0 0 0 0 0 0 0 0 0 0 0 0 0 0 0 0 0 0 0 0 0 0 0 0 0 0 0 0 0 0 0 0 0 0 0 0 0 0 0 0 0 0 0 0 0 0 0 0 0 0 0 0 0 0 0 0 0 0 0 0 0 0 1 
state.01011011 0 0 0 0 0 0 0 0 0 0 0 0 0 0 0 0 0 0 0 0 0 0 0 0 0 0 0 0 0 0 0 0 0 0 0 0 0 0 0 0 0 1 0 0 0 0 0 0 0 0 0 0 0 0 0 0 0 0 0 0 0 0 0 0 0 0 0 0 0 0 0 0 0 0 0 0 0 0 0 0 0 0 0 0 0 0 0 0 0 0 0 0 0 0 0 0 0 0 0 0 0 0 0 0 0 0 0 0 0 0 0 0 0 0 0 0 0 0 0 0 0 0 0 0 0 0 0 0 0 0 0 0 1 
state.01011100 0 0 0 0 0 0 0 0 0 0 0 0 0 0 0 0 0 0 0 0 0 0 0 0 0 0 0 0 0 0 0 0 0 0 0 0 0 0 0 0 1 0 0 0 0 0 0 0 0 0 0 0 0 0 0 0 0 0 0 0 0 0 0 0 0 0 0 0 0 0 0 0 0 0 0 0 0 0 0 0 0 0 0 0 0 0 0 0 0 0 0 0 0 0 0 0 0 0 0 0 0 0 0 0 0 0 0 0 0 0 0 0 0 0 0 0 0 0 0 0 0 0 0 0 0 0 0 0 0 0 0 0 1 
state.01011101 0 0 0 0 0 0 0 0 0 0 0 0 0 0 0 0 0 0 0 0 0 0 0 0 0 0 0 0 0 0 0 0 0 0 0 0 0 0 0 1 0 0 0 0 0 0 0 0 0 0 0 0 0 0 0 0 0 0 0 0 0 0 0 0 0 0 0 0 0 0 0 0 0 0 0 0 0 0 0 0 0 0 0 0 0 0 0 0 0 0 0 0 0 0 0 0 0 0 0 0 0 0 0 0 0 0 0 0 0 0 0 0 0 0 0 0 0 0 0 0 0 0 0 0 0 0 0 0 0 0 0 0 1 
state.01011110 0 0 0 0 0 0 0 0 0 0 0 0 0 0 0 0 0 0 0 0 0 0 0 0 0 0 0 0 0 0 0 0 0 0 0 0 0 0 1 0 0 0 0 0 0 0 0 0 0 0 0 0 0 0 0 0 0 0 0 0 0 0 0 0 0 0 0 0 0 0 0 0 0 0 0 0 0 0 0 0 0 0 0 0 0 0 0 0 0 0 0 0 0 0 0 0 0 0 0 0 0 0 0 0 0 0 0 0 0 0 0 0 0 0 0 0 0 0 0 0 0 0 0 0 0 0 0 0 0 0 0 0 1 
state.01011111 0 0 0 0 0 0 0 0 0 0 0 0 0 0 0 0 0 0 0 0 0 0 0 0 0 0 0 0 0 0 0 0 0 0 0 0 0 1 0 0 0 0 0 0 0 0 0 0 0 0 0 0 0 0 0 0 0 0 0 0 0 0 0 0 0 0 0 0 0 0 0 0 0 0 0 0 0 0 0 0 0 0 0 0 0 0 0 0 0 0 0 0 0 0 0 0 0 0 0 0 0 0 0 0 0 0 0 0 0 0 0 0 0 0 0 0 0 0 0 0 0 0 0 0 0 0 0 0 0 0 0 0 1 
state.01100000 0 0 0 0 0 0 0 0 0 0 0 0 0 0 0 0 0 0 0 0 0 0 0 0 0 0 0 0 0 0 0 0 0 0 0 0 1 0 0 0 0 0 0 0 0 0 0 0 0 0 0 0 0 0 0 0 0 0 0 0 0 0 0 0 0 0 0 0 0 0 0 0 0 0 0 0 0 0 0 0 0 0 0 0 0 0 0 0 0 0 0 0 0 0 0 0 0 0 0 0 0 0 0 0 0 0 0 0 0 0 0 0 0 0 0 0 0 0 0 0 0 0 0 0 0 0 0 0 0 0 0 0 1 
state.01100001 0 0 0 0 0 0 0 0 0 0 0 0 0 0 0 0 0 0 0 0 0 0 0 0 0 0 0 0 0 0 0 0 0 0 0 1 0 0 0 0 0 0 0 0 0 0 0 0 0 0 0 0 0 0 0 0 0 0 0 0 0 0 0 0 0 0 0 0 0 0 0 0 0 0 0 0 0 0 0 0 0 0 0 0 0 0 0 0 0 0 0 0 0 0 0 0 0 0 0 0 0 0 0 0 0 0 0 0 0 0 0 0 0 0 0 0 0 0 0 0 0 0 0 0 0 0 0 0 0 0 0 0 1 
state.01100010 0 0 0 0 0 0 0 0 0 0 0 0 0 0 0 0 0 0 0 0 0 0 0 0 0 0 0 0 0 0 0 0 0 0 1 0 0 0 0 0 0 0 0 0 0 0 0 0 0 0 0 0 0 0 0 0 0 0 0 0 0 0 0 0 0 0 0 0 0 0 0 0 0 0 0 0 0 0 0 0 0 0 0 0 0 0 0 0 0 0 0 0 0 0 0 0 0 0 0 0 0 0 0 0 0 0 0 0 0 0 0 0 0 0 0 0 0 0 0 0 0 0 0 0 0 0 0 0 0 0 0 0 1 
state.01100011 0 0 0 0 0 0 0 0 0 0 0 0 0 0 0 0 0 0 0 0 0 0 0 0 0 0 0 0 0 0 0 0 0 1 0 0 0 0 0 0 0 0 0 0 0 0 0 0 0 0 0 0 0 0 0 0 0 0 0 0 0 0 0 0 0 0 0 0 0 0 0 0 0 0 0 0 0 0 0 0 0 0 0 0 0 0 0 0 0 0 0 0 0 0 0 0 0 0 0 0 0 0 0 0 0 0 0 0 0 0 0 0 0 0 0 0 0 0 0 0 0 0 0 0 0 0 0 0 0 0 0 0 1 
state.01100100 0 0 0 0 0 0 0 0 0 0 0 0 0 0 0 0 0 0 0 0 0 0 0 0 0 0 0 0 0 0 0 0 1 0 0 0 0 0 0 0 0 0 0 0 0 0 0 0 0 0 0 0 0 0 0 0 0 0 0 0 0 0 0 0 0 0 0 0 0 0 0 0 0 0 0 0 0 0 0 0 0 0 0 0 0 0 0 0 0 0 0 0 0 0 0 0 0 0 0 0 0 0 0 0 0 0 0 0 0 0 0 0 0 0 0 0 0 0 0 0 0 0 0 0 0 0 0 0 0 0 0 0 1 
state.01100101 0 0 0 0 0 0 0 0 0 0 0 0 0 0 0 0 0 0 0 0 0 0 0 0 0 0 0 0 0 0 0 1 0 0 0 0 0 0 0 0 0 0 0 0 0 0 0 0 0 0 0 0 0 0 0 0 0 0 0 0 0 0 0 0 0 0 0 0 0 0 0 0 0 0 0 0 0 0 0 0 0 0 0 0 0 0 0 0 0 0 0 0 0 0 0 0 0 0 0 0 0 0 0 0 0 0 0 0 0 0 0 0 0 0 0 0 0 0 0 0 0 0 0 0 0 0 0 0 0 0 0 0 1 
state.01100110 0 0 0 0 0 0 0 0 0 0 0 0 0 0 0 0 0 0 0 0 0 0 0 0 0 0 0 0 0 0 1 0 0 0 0 0 0 0 0 0 0 0 0 0 0 0 0 0 0 0 0 0 0 0 0 0 0 0 0 0 0 0 0 0 0 0 0 0 0 0 0 0 0 0 0 0 0 0 0 0 0 0 0 0 0 0 0 0 0 0 0 0 0 0 0 0 0 0 0 0 0 0 0 0 0 0 0 0 0 0 0 0 0 0 0 0 0 0 0 0 0 0 0 0 0 0 0 0 0 0 0 0 1 
state.01100111 0 0 0 0 0 0 0 0 0 0 0 0 0 0 0 0 0 0 0 0 0 0 0 0 0 0 0 0 0 1 0 0 0 0 0 0 0 0 0 0 0 0 0 0 0 0 0 0 0 0 0 0 0 0 0 0 0 0 0 0 0 0 0 0 0 0 0 0 0 0 0 0 0 0 0 0 0 0 0 0 0 0 0 0 0 0 0 0 0 0 0 0 0 0 0 0 0 0 0 0 0 0 0 0 0 0 0 0 0 0 0 0 0 0 0 0 0 0 0 0 0 0 0 0 0 0 0 0 0 0 0 0 1 
state.01101000 0 0 0 0 0 0 0 0 0 0 0 0 0 0 0 0 0 0 0 0 0 0 0 0 0 0 0 0 1 0 0 0 0 0 0 0 0 0 0 0 0 0 0 0 0 0 0 0 0 0 0 0 0 0 0 0 0 0 0 0 0 0 0 0 0 0 0 0 0 0 0 0 0 0 0 0 0 0 0 0 0 0 0 0 0 0 0 0 0 0 0 0 0 0 0 0 0 0 0 0 0 0 0 0 0 0 0 0 0 0 0 0 0 0 0 0 0 0 0 0 0 0 0 0 0 0 0 0 0 0 0 0 1 
state.01101001 0 0 0 0 0 0 0 0 0 0 0 0 0 0 0 0 0 0 0 0 0 0 0 0 0 0 0 1 0 0 0 0 0 0 0 0 0 0 0 0 0 0 0 0 0 0 0 0 0 0 0 0 0 0 0 0 0 0 0 0 0 0 0 0 0 0 0 0 0 0 0 0 0 0 0 0 0 0 0 0 0 0 0 0 0 0 0 0 0 0 0 0 0 0 0 0 0 0 0 0 0 0 0 0 0 0 0 0 0 0 0 0 0 0 0 0 0 0 0 0 0 0 0 0 0 0 0 0 0 0 0 0 1 
state.01101010 0 0 0 0 0 0 0 0 0 0 0 0 0 0 0 0 0 0 0 0 0 0 0 0 0 0 1 0 0 0 0 0 0 0 0 0 0 0 0 0 0 0 0 0 0 0 0 0 0 0 0 0 0 0 0 0 0 0 0 0 0 0 0 0 0 0 0 0 0 0 0 0 0 0 0 0 0 0 0 0 0 0 0 0 0 0 0 0 0 0 0 0 0 0 0 0 0 0 0 0 0 0 0 0 0 0 0 0 0 0 0 0 0 0 0 0 0 0 0 0 0 0 0 0 0 0 0 0 0 0 0 0 1 
state.01101011 0 0 0 0 0 0 0 0 0 0 0 0 0 0 0 0 0 0 0 0 0 0 0 0 0 1 0 0 0 0 0 0 0 0 0 0 0 0 0 0 0 0 0 0 0 0 0 0 0 0 0 0 0 0 0 0 0 0 0 0 0 0 0 0 0 0 0 0 0 0 0 0 0 0 0 0 0 0 0 0 0 0 0 0 0 0 0 0 0 0 0 0 0 0 0 0 0 0 0 0 0 0 0 0 0 0 0 0 0 0 0 0 0 0 0 0 0 0 0 0 0 0 0 0 0 0 0 0 0 0 0 0 1 
state.01101100 0 0 0 0 0 0 0 0 0 0 0 0 0 0 0 0 0 0 0 0 0 0 0 0 1 0 0 0 0 0 0 0 0 0 0 0 0 0 0 0 0 0 0 0 0 0 0 0 0 0 0 0 0 0 0 0 0 0 0 0 0 0 0 0 0 0 0 0 0 0 0 0 0 0 0 0 0 0 0 0 0 0 0 0 0 0 0 0 0 0 0 0 0 0 0 0 0 0 0 0 0 0 0 0 0 0 0 0 0 0 0 0 0 0 0 0 0 0 0 0 0 0 0 0 0 0 0 0 0 0 0 0 1 
state.01101101 0 0 0 0 0 0 0 0 0 0 0 0 0 0 0 0 0 0 0 0 0 0 0 1 0 0 0 0 0 0 0 0 0 0 0 0 0 0 0 0 0 0 0 0 0 0 0 0 0 0 0 0 0 0 0 0 0 0 0 0 0 0 0 0 0 0 0 0 0 0 0 0 0 0 0 0 0 0 0 0 0 0 0 0 0 0 0 0 0 0 0 0 0 0 0 0 0 0 0 0 0 0 0 0 0 0 0 0 0 0 0 0 0 0 0 0 0 0 0 0 0 0 0 0 0 0 0 0 0 0 0 0 1 
state.01101110 0 0 0 0 0 0 0 0 0 0 0 0 0 0 0 0 0 0 0 0 0 0 1 0 0 0 0 0 0 0 0 0 0 0 0 0 0 0 0 0 0 0 0 0 0 0 0 0 0 0 0 0 0 0 0 0 0 0 0 0 0 0 0 0 0 0 0 0 0 0 0 0 0 0 0 0 0 0 0 0 0 0 0 0 0 0 0 0 0 0 0 0 0 0 0 0 0 0 0 0 0 0 0 0 0 0 0 0 0 0 0 0 0 0 0 0 0 0 0 0 0 0 0 0 0 0 0 0 0 0 0 0 1 
state.01101111 0 0 0 0 0 0 0 0 0 0 0 0 0 0 0 0 0 0 0 0 0 1 0 0 0 0 0 0 0 0 0 0 0 0 0 0 0 0 0 0 0 0 0 0 0 0 0 0 0 0 0 0 0 0 0 0 0 0 0 0 0 0 0 0 0 0 0 0 0 0 0 0 0 0 0 0 0 0 0 0 0 0 0 0 0 0 0 0 0 0 0 0 0 0 0 0 0 0 0 0 0 0 0 0 0 0 0 0 0 0 0 0 0 0 0 0 0 0 0 0 0 0 0 0 0 0 0 0 0 0 0 0 1 
state.01110000 0 0 0 0 0 0 0 0 0 0 0 0 0 0 0 0 0 0 0 0 1 0 0 0 0 0 0 0 0 0 0 0 0 0 0 0 0 0 0 0 0 0 0 0 0 0 0 0 0 0 0 0 0 0 0 0 0 0 0 0 0 0 0 0 0 0 0 0 0 0 0 0 0 0 0 0 0 0 0 0 0 0 0 0 0 0 0 0 0 0 0 0 0 0 0 0 0 0 0 0 0 0 0 0 0 0 0 0 0 0 0 0 0 0 0 0 0 0 0 0 0 0 0 0 0 0 0 0 0 0 0 0 1 
state.01110001 0 0 0 0 0 0 0 0 0 0 0 0 0 0 0 0 0 0 0 1 0 0 0 0 0 0 0 0 0 0 0 0 0 0 0 0 0 0 0 0 0 0 0 0 0 0 0 0 0 0 0 0 0 0 0 0 0 0 0 0 0 0 0 0 0 0 0 0 0 0 0 0 0 0 0 0 0 0 0 0 0 0 0 0 0 0 0 0 0 0 0 0 0 0 0 0 0 0 0 0 0 0 0 0 0 0 0 0 0 0 0 0 0 0 0 0 0 0 0 0 0 0 0 0 0 0 0 0 0 0 0 0 1 
state.01110010 0 0 0 0 0 0 0 0 0 0 0 0 0 0 0 0 0 0 1 0 0 0 0 0 0 0 0 0 0 0 0 0 0 0 0 0 0 0 0 0 0 0 0 0 0 0 0 0 0 0 0 0 0 0 0 0 0 0 0 0 0 0 0 0 0 0 0 0 0 0 0 0 0 0 0 0 0 0 0 0 0 0 0 0 0 0 0 0 0 0 0 0 0 0 0 0 0 0 0 0 0 0 0 0 0 0 0 0 0 0 0 0 0 0 0 0 0 0 0 0 0 0 0 0 0 0 0 0 0 0 0 0 1 
state.01110011 0 0 0 0 0 0 0 0 0 0 0 0 0 0 0 0 0 1 0 0 0 0 0 0 0 0 0 0 0 0 0 0 0 0 0 0 0 0 0 0 0 0 0 0 0 0 0 0 0 0 0 0 0 0 0 0 0 0 0 0 0 0 0 0 0 0 0 0 0 0 0 0 0 0 0 0 0 0 0 0 0 0 0 0 0 0 0 0 0 0 0 0 0 0 0 0 0 0 0 0 0 0 0 0 0 0 0 0 0 0 0 0 0 0 0 0 0 0 0 0 0 0 0 0 0 0 0 0 0 0 0 0 1 
state.01110100 0 0 0 0 0 0 0 0 0 0 0 0 0 0 0 0 1 0 0 0 0 0 0 0 0 0 0 0 0 0 0 0 0 0 0 0 0 0 0 0 0 0 0 0 0 0 0 0 0 0 0 0 0 0 0 0 0 0 0 0 0 0 0 0 0 0 0 0 0 0 0 0 0 0 0 0 0 0 0 0 0 0 0 0 0 0 0 0 0 0 0 0 0 0 0 0 0 0 0 0 0 0 0 0 0 0 0 0 0 0 0 0 0 0 0 0 0 0 0 0 0 0 0 0 0 0 0 0 0 0 0 0 1 
state.01110101 0 0 0 0 0 0 0 0 0 0 0 0 0 0 0 1 0 0 0 0 0 0 0 0 0 0 0 0 0 0 0 0 0 0 0 0 0 0 0 0 0 0 0 0 0 0 0 0 0 0 0 0 0 0 0 0 0 0 0 0 0 0 0 0 0 0 0 0 0 0 0 0 0 0 0 0 0 0 0 0 0 0 0 0 0 0 0 0 0 0 0 0 0 0 0 0 0 0 0 0 0 0 0 0 0 0 0 0 0 0 0 0 0 0 0 0 0 0 0 0 0 0 0 0 0 0 0 0 0 0 0 0 1 
state.01110110 0 0 0 0 0 0 0 0 0 0 0 0 0 0 1 0 0 0 0 0 0 0 0 0 0 0 0 0 0 0 0 0 0 0 0 0 0 0 0 0 0 0 0 0 0 0 0 0 0 0 0 0 0 0 0 0 0 0 0 0 0 0 0 0 0 0 0 0 0 0 0 0 0 0 0 0 0 0 0 0 0 0 0 0 0 0 0 0 0 0 0 0 0 0 0 0 0 0 0 0 0 0 0 0 0 0 0 0 0 0 0 0 0 0 0 0 0 0 0 0 0 0 0 0 0 0 0 0 0 0 0 0 1 
state.01110111 0 0 0 0 0 0 0 0 0 0 0 0 0 1 0 0 0 0 0 0 0 0 0 0 0 0 0 0 0 0 0 0 0 0 0 0 0 0 0 0 0 0 0 0 0 0 0 0 0 0 0 0 0 0 0 0 0 0 0 0 0 0 0 0 0 0 0 0 0 0 0 0 0 0 0 0 0 0 0 0 0 0 0 0 0 0 0 0 0 0 0 0 0 0 0 0 0 0 0 0 0 0 0 0 0 0 0 0 0 0 0 0 0 0 0 0 0 0 0 0 0 0 0 0 0 0 0 0 0 0 0 0 1 
state.01111000 0 0 0 0 0 0 0 0 0 0 0 0 1 0 0 0 0 0 0 0 0 0 0 0 0 0 0 0 0 0 0 0 0 0 0 0 0 0 0 0 0 0 0 0 0 0 0 0 0 0 0 0 0 0 0 0 0 0 0 0 0 0 0 0 0 0 0 0 0 0 0 0 0 0 0 0 0 0 0 0 0 0 0 0 0 0 0 0 0 0 0 0 0 0 0 0 0 0 0 0 0 0 0 0 0 0 0 0 0 0 0 0 0 0 0 0 0 0 0 0 0 0 0 0 0 0 0 0 0 0 0 0 1 
state.01111001 0 0 0 0 0 0 0 0 0 0 0 1 0 0 0 0 0 0 0 0 0 0 0 0 0 0 0 0 0 0 0 0 0 0 0 0 0 0 0 0 0 0 0 0 0 0 0 0 0 0 0 0 0 0 0 0 0 0 0 0 0 0 0 0 0 0 0 0 0 0 0 0 0 0 0 0 0 0 0 0 0 0 0 0 0 0 0 0 0 0 0 0 0 0 0 0 0 0 0 0 0 0 0 0 0 0 0 0 0 0 0 0 0 0 0 0 0 0 0 0 0 0 0 0 0 0 0 0 0 0 0 0 1 
state.01111010 0 0 0 0 0 0 0 0 0 0 1 0 0 0 0 0 0 0 0 0 0 0 0 0 0 0 0 0 0 0 0 0 0 0 0 0 0 0 0 0 0 0 0 0 0 0 0 0 0 0 0 0 0 0 0 0 0 0 0 0 0 0 0 0 0 0 0 0 0 0 0 0 0 0 0 0 0 0 0 0 0 0 0 0 0 0 0 0 0 0 0 0 0 0 0 0 0 0 0 0 0 0 0 0 0 0 0 0 0 0 0 0 0 0 0 0 0 0 0 0 0 0 0 0 0 0 0 0 0 0 0 0 1 
state.01111011 0 0 0 0 0 0 0 0 0 1 0 0 0 0 0 0 0 0 0 0 0 0 0 0 0 0 0 0 0 0 0 0 0 0 0 0 0 0 0 0 0 0 0 0 0 0 0 0 0 0 0 0 0 0 0 0 0 0 0 0 0 0 0 0 0 0 0 0 0 0 0 0 0 0 0 0 0 0 0 0 0 0 0 0 0 0 0 0 0 0 0 0 0 0 0 0 0 0 0 0 0 0 0 0 0 0 0 0 0 0 0 0 0 0 0 0 0 0 0 0 0 0 0 0 0 0 0 0 0 0 0 0 1 
state.01111100 0 0 0 0 0 0 0 0 1 0 0 0 0 0 0 0 0 0 0 0 0 0 0 0 0 0 0 0 0 0 0 0 0 0 0 0 0 0 0 0 0 0 0 0 0 0 0 0 0 0 0 0 0 0 0 0 0 0 0 0 0 0 0 0 0 0 0 0 0 0 0 0 0 0 0 0 0 0 0 0 0 0 0 0 0 0 0 0 0 0 0 0 0 0 0 0 0 0 0 0 0 0 0 0 0 0 0 0 0 0 0 0 0 0 0 0 0 0 0 0 0 0 0 0 0 0 0 0 0 0 0 0 1 
state.01111101 0 0 0 0 0 0 0 1 0 0 0 0 0 0 0 0 0 0 0 0 0 0 0 0 0 0 0 0 0 0 0 0 0 0 0 0 0 0 0 0 0 0 0 0 0 0 0 0 0 0 0 0 0 0 0 0 0 0 0 0 0 0 0 0 0 0 0 0 0 0 0 0 0 0 0 0 0 0 0 0 0 0 0 0 0 0 0 0 0 0 0 0 0 0 0 0 0 0 0 0 0 0 0 0 0 0 0 0 0 0 0 0 0 0 0 0 0 0 0 0 0 0 0 0 0 0 0 0 0 0 0 0 1 
state.01111110 0 0 0 0 0 0 1 0 0 0 0 0 0 0 0 0 0 0 0 0 0 0 0 0 0 0 0 0 0 0 0 0 0 0 0 0 0 0 0 0 0 0 0 0 0 0 0 0 0 0 0 0 0 0 0 0 0 0 0 0 0 0 0 0 0 0 0 0 0 0 0 0 0 0 0 0 0 0 0 0 0 0 0 0 0 0 0 0 0 0 0 0 0 0 0 0 0 0 0 0 0 0 0 0 0 0 0 0 0 0 0 0 0 0 0 0 0 0 0 0 0 0 0 0 0 0 0 0 0 0 0 0 1 
state.01111111 0 0 0 0 0 1 0 0 0 0 0 0 0 0 0 0 0 0 0 0 0 0 0 0 0 0 0 0 0 0 0 0 0 0 0 0 0 0 0 0 0 0 0 0 0 0 0 0 0 0 0 0 0 0 0 0 0 0 0 0 0 0 0 0 0 0 0 0 0 0 0 0 0 0 0 0 0 0 0 0 0 0 0 0 0 0 0 0 0 0 0 0 0 0 0 0 0 0 0 0 0 0 0 0 0 0 0 0 0 0 0 0 0 0 0 0 0 0 0 0 0 0 0 0 0 0 0 0 0 0 0 0 1 
state.10000000 0 0 0 0 1 0 0 0 0 0 0 0 0 0 0 0 0 0 0 0 0 0 0 0 0 0 0 0 0 0 0 0 0 0 0 0 0 0 0 0 0 0 0 0 0 0 0 0 0 0 0 0 0 0 0 0 0 0 0 0 0 0 0 0 0 0 0 0 0 0 0 0 0 0 0 0 0 0 0 0 0 0 0 0 0 0 0 0 0 0 0 0 0 0 0 0 0 0 0 0 0 0 0 0 0 0 0 0 0 0 0 0 0 0 0 0 0 0 0 0 0 0 0 0 0 0 0 0 0 0 0 0 1 
state.10000001 0 0 0 1 0 0 0 0 0 0 0 0 0 0 0 0 0 0 0 0 0 0 0 0 0 0 0 0 0 0 0 0 0 0 0 0 0 0 0 0 0 0 0 0 0 0 0 0 0 0 0 0 0 0 0 0 0 0 0 0 0 0 0 0 0 0 0 0 0 0 0 0 0 0 0 0 0 0 0 0 0 0 0 0 0 0 0 0 0 0 0 0 0 0 0 0 0 0 0 0 0 0 0 0 0 0 0 0 0 0 0 0 0 0 0 0 0 0 0 0 0 0 0 0 0 0 0 0 0 0 0 0 1 
state.10000010 0 0 1 0 0 0 0 0 0 0 0 0 0 0 0 0 0 0 0 0 0 0 0 0 0 0 0 0 0 0 0 0 0 0 0 0 0 0 0 0 0 0 0 0 0 0 0 0 0 0 0 0 0 0 0 0 0 0 0 0 0 0 0 0 0 0 0 0 0 0 0 0 0 0 0 0 0 0 0 0 0 0 0 0 0 0 0 0 0 0 0 0 0 0 0 0 0 0 0 0 0 0 0 0 0 0 0 0 0 0 0 0 0 0 0 0 0 0 0 0 0 0 0 0 0 0 0 0 0 0 0 0 1 
state.10001100 0 1 0 0 0 0 0 0 0 0 0 0 0 0 0 0 0 0 0 0 0 0 0 0 0 0 0 0 0 0 0 0 0 0 0 0 0 0 0 0 0 0 0 0 0 0 0 0 0 0 0 0 0 0 0 0 0 0 0 0 0 0 0 0 0 0 0 0 0 0 0 0 0 0 0 0 0 0 0 0 0 0 0 0 0 0 0 0 0 0 0 0 0 0 0 0 0 0 0 0 0 0 0 0 0 0 0 0 0 0 0 0 0 0 0 0 0 0 0 0 0 0 0 0 0 0 0 0 0 0 0 0 1 
state.00000000 1 0 0 0 0 0 0 0 0 0 0 0 0 0 0 0 0 0 0 0 0 0 0 0 0 0 0 0 0 0 0 0 0 0 0 0 0 0 0 0 0 0 0 0 0 0 0 0 0 0 0 0 0 0 0 0 0 0 0 0 0 0 0 0 0 0 0 0 0 0 0 0 0 0 0 0 0 0 0 0 0 0 0 0 0 0 0 0 0 0 0 0 0 0 0 0 0 0 0 0 0 0 0 0 0 0 0 0 0 0 0 0 0 0 0 0 0 0 0 0 0 0 0 0 0 0 0 0 0 0 0 0 1 

State Machine - |DE1_SoC_Computer|Computer_System:The_System|Computer_System_mm_interconnect_0:mm_interconnect_0|altera_merlin_burst_adapter:onchip_vga_buffer_s2_burst_adapter|altera_merlin_burst_adapter_13_1:altera_merlin_burst_adapter_13_1.burst_adapter|state
Name state.ST_IDLE state.ST_UNCOMP_WR_SUBBURST state.ST_UNCOMP_TRANS state.ST_COMP_TRANS 
state.ST_IDLE 0 0 0 0 
state.ST_COMP_TRANS 1 0 0 1 
state.ST_UNCOMP_TRANS 1 0 1 0 
state.ST_UNCOMP_WR_SUBBURST 1 1 0 0 

State Machine - |DE1_SoC_Computer|Computer_System:The_System|Computer_System_mm_interconnect_0:mm_interconnect_0|altera_merlin_burst_adapter:onchip_sram_s2_burst_adapter|altera_merlin_burst_adapter_13_1:altera_merlin_burst_adapter_13_1.burst_adapter|state
Name state.ST_IDLE state.ST_UNCOMP_WR_SUBBURST state.ST_UNCOMP_TRANS state.ST_COMP_TRANS 
state.ST_IDLE 0 0 0 0 
state.ST_COMP_TRANS 1 0 0 1 
state.ST_UNCOMP_TRANS 1 0 1 0 
state.ST_UNCOMP_WR_SUBBURST 1 1 0 0 

State Machine - |DE1_SoC_Computer|Computer_System:The_System|Computer_System_mm_interconnect_0:mm_interconnect_0|altera_merlin_burst_adapter:vga_subsystem_char_buffer_slave_burst_adapter|altera_merlin_burst_adapter_13_1:altera_merlin_burst_adapter_13_1.burst_adapter|state
Name state.ST_IDLE state.ST_UNCOMP_WR_SUBBURST state.ST_UNCOMP_TRANS state.ST_COMP_TRANS 
state.ST_IDLE 0 0 0 0 
state.ST_COMP_TRANS 1 0 0 1 
state.ST_UNCOMP_TRANS 1 0 1 0 
state.ST_UNCOMP_WR_SUBBURST 1 1 0 0 

State Machine - |DE1_SoC_Computer|arbriter:genArbri|state_arbr
Name state_arbr.110 state_arbr.101 state_arbr.100 state_arbr.011 state_arbr.010 state_arbr.000 state_arbr.001 
state_arbr.001 0 0 0 0 0 0 0 
state_arbr.000 0 0 0 0 0 1 1 
state_arbr.010 0 0 0 0 1 0 1 
state_arbr.011 0 0 0 1 0 0 1 
state_arbr.100 0 0 1 0 0 0 1 
state_arbr.101 0 1 0 0 0 0 1 
state_arbr.110 1 0 0 0 0 0 1 

State Machine - |DE1_SoC_Computer|Computer_System:The_System|Computer_System_VGA_Subsystem:vga_subsystem|Computer_System_VGA_Subsystem_VGA_Pixel_DMA:vga_pixel_dma|s_pixel_buffer
Name s_pixel_buffer.STATE_3_MAX_PENDING_READS_STALL s_pixel_buffer.STATE_2_READ_BUFFER s_pixel_buffer.STATE_1_WAIT_FOR_LAST_PIXEL s_pixel_buffer.STATE_0_IDLE 
s_pixel_buffer.STATE_0_IDLE 0 0 0 0 
s_pixel_buffer.STATE_1_WAIT_FOR_LAST_PIXEL 0 0 1 1 
s_pixel_buffer.STATE_2_READ_BUFFER 0 1 0 1 
s_pixel_buffer.STATE_3_MAX_PENDING_READS_STALL 1 0 0 1 

State Machine - |DE1_SoC_Computer|Computer_System:The_System|Computer_System_mm_interconnect_1:mm_interconnect_1|altera_merlin_burst_adapter:pixel_dma_addr_translation_slave_burst_adapter|altera_merlin_burst_adapter_13_1:altera_merlin_burst_adapter_13_1.burst_adapter|state
Name state.ST_IDLE state.ST_UNCOMP_WR_SUBBURST state.ST_UNCOMP_TRANS state.ST_COMP_TRANS 
state.ST_IDLE 0 0 0 0 
state.ST_COMP_TRANS 1 0 0 1 
state.ST_UNCOMP_TRANS 1 0 1 0 
state.ST_UNCOMP_WR_SUBBURST 1 1 0 0 

State Machine - |DE1_SoC_Computer|Computer_System:The_System|Computer_System_mm_interconnect_1:mm_interconnect_1|altera_merlin_burst_adapter:vga_subsystem_char_buffer_control_slave_burst_adapter|altera_merlin_burst_adapter_13_1:altera_merlin_burst_adapter_13_1.burst_adapter|state
Name state.ST_IDLE state.ST_UNCOMP_WR_SUBBURST state.ST_UNCOMP_TRANS state.ST_COMP_TRANS 
state.ST_IDLE 0 0 0 0 
state.ST_COMP_TRANS 1 0 0 1 
state.ST_UNCOMP_TRANS 1 0 1 0 
state.ST_UNCOMP_WR_SUBBURST 1 1 0 0 

State Machine - |DE1_SoC_Computer|Computer_System:The_System|Computer_System_mm_interconnect_1:mm_interconnect_1|altera_merlin_burst_adapter:av_config_avalon_av_config_slave_burst_adapter|altera_merlin_burst_adapter_13_1:altera_merlin_burst_adapter_13_1.burst_adapter|state
Name state.ST_IDLE state.ST_UNCOMP_WR_SUBBURST state.ST_UNCOMP_TRANS state.ST_COMP_TRANS 
state.ST_IDLE 0 0 0 0 
state.ST_COMP_TRANS 1 0 0 1 
state.ST_UNCOMP_TRANS 1 0 1 0 
state.ST_UNCOMP_WR_SUBBURST 1 1 0 0 

State Machine - |DE1_SoC_Computer|Computer_System:The_System|Computer_System_AV_Config:av_config|s_serial_transfer
Name s_serial_transfer.STATE_6_POST_READ s_serial_transfer.STATE_5_READ_TRANSFER s_serial_transfer.STATE_4_PRE_READ s_serial_transfer.STATE_3_POST_WRITE s_serial_transfer.STATE_2_WRITE_TRANSFER s_serial_transfer.STATE_1_PRE_WRITE s_serial_transfer.STATE_0_IDLE 
s_serial_transfer.STATE_0_IDLE 0 0 0 0 0 0 0 
s_serial_transfer.STATE_1_PRE_WRITE 0 0 0 0 0 1 1 
s_serial_transfer.STATE_2_WRITE_TRANSFER 0 0 0 0 1 0 1 
s_serial_transfer.STATE_3_POST_WRITE 0 0 0 1 0 0 1 
s_serial_transfer.STATE_4_PRE_READ 0 0 1 0 0 0 1 
s_serial_transfer.STATE_5_READ_TRANSFER 0 1 0 0 0 0 1 
s_serial_transfer.STATE_6_POST_READ 1 0 0 0 0 0 1 

State Machine - |DE1_SoC_Computer|Computer_System:The_System|Computer_System_AV_Config:av_config|altera_up_av_config_serial_bus_controller:Serial_Bus_Controller|s_serial_protocol
Name s_serial_protocol.STATE_5_STOP_BIT s_serial_protocol.STATE_4_TRANSFER s_serial_protocol.STATE_3_START_BIT s_serial_protocol.STATE_2_RESTART_BIT s_serial_protocol.STATE_1_INITIALIZE s_serial_protocol.STATE_0_IDLE 
s_serial_protocol.STATE_0_IDLE 0 0 0 0 0 0 
s_serial_protocol.STATE_1_INITIALIZE 0 0 0 0 1 1 
s_serial_protocol.STATE_2_RESTART_BIT 0 0 0 1 0 1 
s_serial_protocol.STATE_3_START_BIT 0 0 1 0 0 1 
s_serial_protocol.STATE_4_TRANSFER 0 1 0 0 0 1 
s_serial_protocol.STATE_5_STOP_BIT 1 0 0 0 0 1 

State Machine - |DE1_SoC_Computer|Computer_System:The_System|Computer_System_SDRAM:sdram|i_state
Name i_state.111 i_state.101 i_state.011 i_state.010 i_state.001 i_state.000 
i_state.000 0 0 0 0 0 0 
i_state.001 0 0 0 0 1 1 
i_state.010 0 0 0 1 0 1 
i_state.011 0 0 1 0 0 1 
i_state.101 0 1 0 0 0 1 
i_state.111 1 0 0 0 0 1 

State Machine - |DE1_SoC_Computer|Computer_System:The_System|Computer_System_SDRAM:sdram|i_next
Name i_next.111 i_next.101 i_next.010 i_next.000 
i_next.000 0 0 0 0 
i_next.010 0 0 1 1 
i_next.101 0 1 0 1 
i_next.111 1 0 0 1 

State Machine - |DE1_SoC_Computer|Computer_System:The_System|Computer_System_SDRAM:sdram|m_state
Name m_state.100000000 m_state.010000000 m_state.001000000 m_state.000100000 m_state.000010000 m_state.000001000 m_state.000000100 m_state.000000010 m_state.000000001 
m_state.000000001 0 0 0 0 0 0 0 0 0 
m_state.000000010 0 0 0 0 0 0 0 1 1 
m_state.000000100 0 0 0 0 0 0 1 0 1 
m_state.000001000 0 0 0 0 0 1 0 0 1 
m_state.000010000 0 0 0 0 1 0 0 0 1 
m_state.000100000 0 0 0 1 0 0 0 0 1 
m_state.001000000 0 0 1 0 0 0 0 0 1 
m_state.010000000 0 1 0 0 0 0 0 0 1 
m_state.100000000 1 0 0 0 0 0 0 0 1 

State Machine - |DE1_SoC_Computer|Computer_System:The_System|Computer_System_SDRAM:sdram|m_next
Name m_next.010000000 m_next.000010000 m_next.000001000 m_next.000000001 
m_next.000000001 0 0 0 0 
m_next.000001000 0 0 1 1 
m_next.000010000 0 1 0 1 
m_next.010000000 1 0 0 1 

State Machine - |DE1_SoC_Computer|read_DPS_module:readOne|generate_grid:comb_25730|build_column:gen_block[54].col_one|state
Name state.0111 state.0110 state.0101 state.0100 state.0011 state.0010 state.0001 state.0000 state.1000 
state.0000 0 0 0 0 0 0 0 0 0 
state.0001 0 0 0 0 0 0 1 1 0 
state.0010 0 0 0 0 0 1 0 1 0 
state.0011 0 0 0 0 1 0 0 1 0 
state.0100 0 0 0 1 0 0 0 1 0 
state.0101 0 0 1 0 0 0 0 1 0 
state.0110 0 1 0 0 0 0 0 1 0 
state.0111 1 0 0 0 0 0 0 1 0 
state.1000 0 0 0 0 0 0 0 1 1 

State Machine - |DE1_SoC_Computer|read_DPS_module:readOne|generate_grid:comb_25730|build_column:gen_block[13].col_one|state
Name state.0111 state.0110 state.0101 state.0100 state.0011 state.0010 state.0001 state.0000 state.1000 
state.0000 0 0 0 0 0 0 0 0 0 
state.0001 0 0 0 0 0 0 1 1 0 
state.0010 0 0 0 0 0 1 0 1 0 
state.0011 0 0 0 0 1 0 0 1 0 
state.0100 0 0 0 1 0 0 0 1 0 
state.0101 0 0 1 0 0 0 0 1 0 
state.0110 0 1 0 0 0 0 0 1 0 
state.0111 1 0 0 0 0 0 0 1 0 
state.1000 0 0 0 0 0 0 0 1 1 

State Machine - |DE1_SoC_Computer|read_DPS_module:readOne|generate_grid:comb_25730|build_column:gen_block[12].col_one|state
Name state.0111 state.0110 state.0101 state.0100 state.0011 state.0010 state.0001 state.0000 state.1000 
state.0000 0 0 0 0 0 0 0 0 0 
state.0001 0 0 0 0 0 0 1 1 0 
state.0010 0 0 0 0 0 1 0 1 0 
state.0011 0 0 0 0 1 0 0 1 0 
state.0100 0 0 0 1 0 0 0 1 0 
state.0101 0 0 1 0 0 0 0 1 0 
state.0110 0 1 0 0 0 0 0 1 0 
state.0111 1 0 0 0 0 0 0 1 0 
state.1000 0 0 0 0 0 0 0 1 1 

State Machine - |DE1_SoC_Computer|read_DPS_module:readOne|generate_grid:comb_25730|build_column:gen_block[11].col_one|state
Name state.0111 state.0110 state.0101 state.0100 state.0011 state.0010 state.0001 state.0000 state.1000 
state.0000 0 0 0 0 0 0 0 0 0 
state.0001 0 0 0 0 0 0 1 1 0 
state.0010 0 0 0 0 0 1 0 1 0 
state.0011 0 0 0 0 1 0 0 1 0 
state.0100 0 0 0 1 0 0 0 1 0 
state.0101 0 0 1 0 0 0 0 1 0 
state.0110 0 1 0 0 0 0 0 1 0 
state.0111 1 0 0 0 0 0 0 1 0 
state.1000 0 0 0 0 0 0 0 1 1 

State Machine - |DE1_SoC_Computer|read_DPS_module:readOne|generate_grid:comb_25730|build_column:gen_block[10].col_one|state
Name state.0111 state.0110 state.0101 state.0100 state.0011 state.0010 state.0001 state.0000 state.1000 
state.0000 0 0 0 0 0 0 0 0 0 
state.0001 0 0 0 0 0 0 1 1 0 
state.0010 0 0 0 0 0 1 0 1 0 
state.0011 0 0 0 0 1 0 0 1 0 
state.0100 0 0 0 1 0 0 0 1 0 
state.0101 0 0 1 0 0 0 0 1 0 
state.0110 0 1 0 0 0 0 0 1 0 
state.0111 1 0 0 0 0 0 0 1 0 
state.1000 0 0 0 0 0 0 0 1 1 

State Machine - |DE1_SoC_Computer|read_DPS_module:readOne|generate_grid:comb_25730|build_column:gen_block[63].col_one|state
Name state.0111 state.0110 state.0101 state.0100 state.0011 state.0010 state.0001 state.0000 state.1000 
state.0000 0 0 0 0 0 0 0 0 0 
state.0001 0 0 0 0 0 0 1 1 0 
state.0010 0 0 0 0 0 1 0 1 0 
state.0011 0 0 0 0 1 0 0 1 0 
state.0100 0 0 0 1 0 0 0 1 0 
state.0101 0 0 1 0 0 0 0 1 0 
state.0110 0 1 0 0 0 0 0 1 0 
state.0111 1 0 0 0 0 0 0 1 0 
state.1000 0 0 0 0 0 0 0 1 1 

State Machine - |DE1_SoC_Computer|read_DPS_module:readOne|generate_grid:comb_25730|build_column:gen_block[62].col_one|state
Name state.0111 state.0110 state.0101 state.0100 state.0011 state.0010 state.0001 state.0000 state.1000 
state.0000 0 0 0 0 0 0 0 0 0 
state.0001 0 0 0 0 0 0 1 1 0 
state.0010 0 0 0 0 0 1 0 1 0 
state.0011 0 0 0 0 1 0 0 1 0 
state.0100 0 0 0 1 0 0 0 1 0 
state.0101 0 0 1 0 0 0 0 1 0 
state.0110 0 1 0 0 0 0 0 1 0 
state.0111 1 0 0 0 0 0 0 1 0 
state.1000 0 0 0 0 0 0 0 1 1 

State Machine - |DE1_SoC_Computer|read_DPS_module:readOne|generate_grid:comb_25730|build_column:gen_block[61].col_one|state
Name state.0111 state.0110 state.0101 state.0100 state.0011 state.0010 state.0001 state.0000 state.1000 
state.0000 0 0 0 0 0 0 0 0 0 
state.0001 0 0 0 0 0 0 1 1 0 
state.0010 0 0 0 0 0 1 0 1 0 
state.0011 0 0 0 0 1 0 0 1 0 
state.0100 0 0 0 1 0 0 0 1 0 
state.0101 0 0 1 0 0 0 0 1 0 
state.0110 0 1 0 0 0 0 0 1 0 
state.0111 1 0 0 0 0 0 0 1 0 
state.1000 0 0 0 0 0 0 0 1 1 

State Machine - |DE1_SoC_Computer|read_DPS_module:readOne|generate_grid:comb_25730|build_column:gen_block[60].col_one|state
Name state.0111 state.0110 state.0101 state.0100 state.0011 state.0010 state.0001 state.0000 state.1000 
state.0000 0 0 0 0 0 0 0 0 0 
state.0001 0 0 0 0 0 0 1 1 0 
state.0010 0 0 0 0 0 1 0 1 0 
state.0011 0 0 0 0 1 0 0 1 0 
state.0100 0 0 0 1 0 0 0 1 0 
state.0101 0 0 1 0 0 0 0 1 0 
state.0110 0 1 0 0 0 0 0 1 0 
state.0111 1 0 0 0 0 0 0 1 0 
state.1000 0 0 0 0 0 0 0 1 1 

State Machine - |DE1_SoC_Computer|read_DPS_module:readOne|generate_grid:comb_25730|build_column:gen_block[59].col_one|state
Name state.0111 state.0110 state.0101 state.0100 state.0011 state.0010 state.0001 state.0000 state.1000 
state.0000 0 0 0 0 0 0 0 0 0 
state.0001 0 0 0 0 0 0 1 1 0 
state.0010 0 0 0 0 0 1 0 1 0 
state.0011 0 0 0 0 1 0 0 1 0 
state.0100 0 0 0 1 0 0 0 1 0 
state.0101 0 0 1 0 0 0 0 1 0 
state.0110 0 1 0 0 0 0 0 1 0 
state.0111 1 0 0 0 0 0 0 1 0 
state.1000 0 0 0 0 0 0 0 1 1 

State Machine - |DE1_SoC_Computer|read_DPS_module:readOne|generate_grid:comb_25730|build_column:gen_block[58].col_one|state
Name state.0111 state.0110 state.0101 state.0100 state.0011 state.0010 state.0001 state.0000 state.1000 
state.0000 0 0 0 0 0 0 0 0 0 
state.0001 0 0 0 0 0 0 1 1 0 
state.0010 0 0 0 0 0 1 0 1 0 
state.0011 0 0 0 0 1 0 0 1 0 
state.0100 0 0 0 1 0 0 0 1 0 
state.0101 0 0 1 0 0 0 0 1 0 
state.0110 0 1 0 0 0 0 0 1 0 
state.0111 1 0 0 0 0 0 0 1 0 
state.1000 0 0 0 0 0 0 0 1 1 

State Machine - |DE1_SoC_Computer|read_DPS_module:readOne|generate_grid:comb_25730|build_column:gen_block[57].col_one|state
Name state.0111 state.0110 state.0101 state.0100 state.0011 state.0010 state.0001 state.0000 state.1000 
state.0000 0 0 0 0 0 0 0 0 0 
state.0001 0 0 0 0 0 0 1 1 0 
state.0010 0 0 0 0 0 1 0 1 0 
state.0011 0 0 0 0 1 0 0 1 0 
state.0100 0 0 0 1 0 0 0 1 0 
state.0101 0 0 1 0 0 0 0 1 0 
state.0110 0 1 0 0 0 0 0 1 0 
state.0111 1 0 0 0 0 0 0 1 0 
state.1000 0 0 0 0 0 0 0 1 1 

State Machine - |DE1_SoC_Computer|read_DPS_module:readOne|generate_grid:comb_25730|build_column:gen_block[56].col_one|state
Name state.0111 state.0110 state.0101 state.0100 state.0011 state.0010 state.0001 state.0000 state.1000 
state.0000 0 0 0 0 0 0 0 0 0 
state.0001 0 0 0 0 0 0 1 1 0 
state.0010 0 0 0 0 0 1 0 1 0 
state.0011 0 0 0 0 1 0 0 1 0 
state.0100 0 0 0 1 0 0 0 1 0 
state.0101 0 0 1 0 0 0 0 1 0 
state.0110 0 1 0 0 0 0 0 1 0 
state.0111 1 0 0 0 0 0 0 1 0 
state.1000 0 0 0 0 0 0 0 1 1 

State Machine - |DE1_SoC_Computer|read_DPS_module:readOne|generate_grid:comb_25730|build_column:gen_block[55].col_one|state
Name state.0111 state.0110 state.0101 state.0100 state.0011 state.0010 state.0001 state.0000 state.1000 
state.0000 0 0 0 0 0 0 0 0 0 
state.0001 0 0 0 0 0 0 1 1 0 
state.0010 0 0 0 0 0 1 0 1 0 
state.0011 0 0 0 0 1 0 0 1 0 
state.0100 0 0 0 1 0 0 0 1 0 
state.0101 0 0 1 0 0 0 0 1 0 
state.0110 0 1 0 0 0 0 0 1 0 
state.0111 1 0 0 0 0 0 0 1 0 
state.1000 0 0 0 0 0 0 0 1 1 

State Machine - |DE1_SoC_Computer|read_DPS_module:readOne|generate_grid:comb_25730|build_column:gen_block[23].col_one|state
Name state.0111 state.0110 state.0101 state.0100 state.0011 state.0010 state.0001 state.0000 state.1000 
state.0000 0 0 0 0 0 0 0 0 0 
state.0001 0 0 0 0 0 0 1 1 0 
state.0010 0 0 0 0 0 1 0 1 0 
state.0011 0 0 0 0 1 0 0 1 0 
state.0100 0 0 0 1 0 0 0 1 0 
state.0101 0 0 1 0 0 0 0 1 0 
state.0110 0 1 0 0 0 0 0 1 0 
state.0111 1 0 0 0 0 0 0 1 0 
state.1000 0 0 0 0 0 0 0 1 1 

State Machine - |DE1_SoC_Computer|read_DPS_module:readOne|generate_grid:comb_25730|build_column:gen_block[22].col_one|state
Name state.0111 state.0110 state.0101 state.0100 state.0011 state.0010 state.0001 state.0000 state.1000 
state.0000 0 0 0 0 0 0 0 0 0 
state.0001 0 0 0 0 0 0 1 1 0 
state.0010 0 0 0 0 0 1 0 1 0 
state.0011 0 0 0 0 1 0 0 1 0 
state.0100 0 0 0 1 0 0 0 1 0 
state.0101 0 0 1 0 0 0 0 1 0 
state.0110 0 1 0 0 0 0 0 1 0 
state.0111 1 0 0 0 0 0 0 1 0 
state.1000 0 0 0 0 0 0 0 1 1 

State Machine - |DE1_SoC_Computer|read_DPS_module:readOne|generate_grid:comb_25730|build_column:gen_block[21].col_one|state
Name state.0111 state.0110 state.0101 state.0100 state.0011 state.0010 state.0001 state.0000 state.1000 
state.0000 0 0 0 0 0 0 0 0 0 
state.0001 0 0 0 0 0 0 1 1 0 
state.0010 0 0 0 0 0 1 0 1 0 
state.0011 0 0 0 0 1 0 0 1 0 
state.0100 0 0 0 1 0 0 0 1 0 
state.0101 0 0 1 0 0 0 0 1 0 
state.0110 0 1 0 0 0 0 0 1 0 
state.0111 1 0 0 0 0 0 0 1 0 
state.1000 0 0 0 0 0 0 0 1 1 

State Machine - |DE1_SoC_Computer|read_DPS_module:readOne|generate_grid:comb_25730|build_column:gen_block[20].col_one|state
Name state.0111 state.0110 state.0101 state.0100 state.0011 state.0010 state.0001 state.0000 state.1000 
state.0000 0 0 0 0 0 0 0 0 0 
state.0001 0 0 0 0 0 0 1 1 0 
state.0010 0 0 0 0 0 1 0 1 0 
state.0011 0 0 0 0 1 0 0 1 0 
state.0100 0 0 0 1 0 0 0 1 0 
state.0101 0 0 1 0 0 0 0 1 0 
state.0110 0 1 0 0 0 0 0 1 0 
state.0111 1 0 0 0 0 0 0 1 0 
state.1000 0 0 0 0 0 0 0 1 1 

State Machine - |DE1_SoC_Computer|read_DPS_module:readOne|generate_grid:comb_25730|build_column:gen_block[19].col_one|state
Name state.0111 state.0110 state.0101 state.0100 state.0011 state.0010 state.0001 state.0000 state.1000 
state.0000 0 0 0 0 0 0 0 0 0 
state.0001 0 0 0 0 0 0 1 1 0 
state.0010 0 0 0 0 0 1 0 1 0 
state.0011 0 0 0 0 1 0 0 1 0 
state.0100 0 0 0 1 0 0 0 1 0 
state.0101 0 0 1 0 0 0 0 1 0 
state.0110 0 1 0 0 0 0 0 1 0 
state.0111 1 0 0 0 0 0 0 1 0 
state.1000 0 0 0 0 0 0 0 1 1 

State Machine - |DE1_SoC_Computer|read_DPS_module:readOne|generate_grid:comb_25730|build_column:gen_block[18].col_one|state
Name state.0111 state.0110 state.0101 state.0100 state.0011 state.0010 state.0001 state.0000 state.1000 
state.0000 0 0 0 0 0 0 0 0 0 
state.0001 0 0 0 0 0 0 1 1 0 
state.0010 0 0 0 0 0 1 0 1 0 
state.0011 0 0 0 0 1 0 0 1 0 
state.0100 0 0 0 1 0 0 0 1 0 
state.0101 0 0 1 0 0 0 0 1 0 
state.0110 0 1 0 0 0 0 0 1 0 
state.0111 1 0 0 0 0 0 0 1 0 
state.1000 0 0 0 0 0 0 0 1 1 

State Machine - |DE1_SoC_Computer|read_DPS_module:readOne|generate_grid:comb_25730|build_column:gen_block[17].col_one|state
Name state.0111 state.0110 state.0101 state.0100 state.0011 state.0010 state.0001 state.0000 state.1000 
state.0000 0 0 0 0 0 0 0 0 0 
state.0001 0 0 0 0 0 0 1 1 0 
state.0010 0 0 0 0 0 1 0 1 0 
state.0011 0 0 0 0 1 0 0 1 0 
state.0100 0 0 0 1 0 0 0 1 0 
state.0101 0 0 1 0 0 0 0 1 0 
state.0110 0 1 0 0 0 0 0 1 0 
state.0111 1 0 0 0 0 0 0 1 0 
state.1000 0 0 0 0 0 0 0 1 1 

State Machine - |DE1_SoC_Computer|read_DPS_module:readOne|generate_grid:comb_25730|build_column:gen_block[16].col_one|state
Name state.0111 state.0110 state.0101 state.0100 state.0011 state.0010 state.0001 state.0000 state.1000 
state.0000 0 0 0 0 0 0 0 0 0 
state.0001 0 0 0 0 0 0 1 1 0 
state.0010 0 0 0 0 0 1 0 1 0 
state.0011 0 0 0 0 1 0 0 1 0 
state.0100 0 0 0 1 0 0 0 1 0 
state.0101 0 0 1 0 0 0 0 1 0 
state.0110 0 1 0 0 0 0 0 1 0 
state.0111 1 0 0 0 0 0 0 1 0 
state.1000 0 0 0 0 0 0 0 1 1 

State Machine - |DE1_SoC_Computer|read_DPS_module:readOne|generate_grid:comb_25730|build_column:gen_block[15].col_one|state
Name state.0111 state.0110 state.0101 state.0100 state.0011 state.0010 state.0001 state.0000 state.1000 
state.0000 0 0 0 0 0 0 0 0 0 
state.0001 0 0 0 0 0 0 1 1 0 
state.0010 0 0 0 0 0 1 0 1 0 
state.0011 0 0 0 0 1 0 0 1 0 
state.0100 0 0 0 1 0 0 0 1 0 
state.0101 0 0 1 0 0 0 0 1 0 
state.0110 0 1 0 0 0 0 0 1 0 
state.0111 1 0 0 0 0 0 0 1 0 
state.1000 0 0 0 0 0 0 0 1 1 

State Machine - |DE1_SoC_Computer|read_DPS_module:readOne|generate_grid:comb_25730|build_column:gen_block[14].col_one|state
Name state.0111 state.0110 state.0101 state.0100 state.0011 state.0010 state.0001 state.0000 state.1000 
state.0000 0 0 0 0 0 0 0 0 0 
state.0001 0 0 0 0 0 0 1 1 0 
state.0010 0 0 0 0 0 1 0 1 0 
state.0011 0 0 0 0 1 0 0 1 0 
state.0100 0 0 0 1 0 0 0 1 0 
state.0101 0 0 1 0 0 0 0 1 0 
state.0110 0 1 0 0 0 0 0 1 0 
state.0111 1 0 0 0 0 0 0 1 0 
state.1000 0 0 0 0 0 0 0 1 1 

State Machine - |DE1_SoC_Computer|read_DPS_module:readOne|generate_grid:comb_25730|build_column:gen_block[33].col_one|state
Name state.0111 state.0110 state.0101 state.0100 state.0011 state.0010 state.0001 state.0000 state.1000 
state.0000 0 0 0 0 0 0 0 0 0 
state.0001 0 0 0 0 0 0 1 1 0 
state.0010 0 0 0 0 0 1 0 1 0 
state.0011 0 0 0 0 1 0 0 1 0 
state.0100 0 0 0 1 0 0 0 1 0 
state.0101 0 0 1 0 0 0 0 1 0 
state.0110 0 1 0 0 0 0 0 1 0 
state.0111 1 0 0 0 0 0 0 1 0 
state.1000 0 0 0 0 0 0 0 1 1 

State Machine - |DE1_SoC_Computer|read_DPS_module:readOne|generate_grid:comb_25730|build_column:gen_block[32].col_one|state
Name state.0111 state.0110 state.0101 state.0100 state.0011 state.0010 state.0001 state.0000 state.1000 
state.0000 0 0 0 0 0 0 0 0 0 
state.0001 0 0 0 0 0 0 1 1 0 
state.0010 0 0 0 0 0 1 0 1 0 
state.0011 0 0 0 0 1 0 0 1 0 
state.0100 0 0 0 1 0 0 0 1 0 
state.0101 0 0 1 0 0 0 0 1 0 
state.0110 0 1 0 0 0 0 0 1 0 
state.0111 1 0 0 0 0 0 0 1 0 
state.1000 0 0 0 0 0 0 0 1 1 

State Machine - |DE1_SoC_Computer|read_DPS_module:readOne|generate_grid:comb_25730|build_column:gen_block[31].col_one|state
Name state.0111 state.0110 state.0101 state.0100 state.0011 state.0010 state.0001 state.0000 state.1000 
state.0000 0 0 0 0 0 0 0 0 0 
state.0001 0 0 0 0 0 0 1 1 0 
state.0010 0 0 0 0 0 1 0 1 0 
state.0011 0 0 0 0 1 0 0 1 0 
state.0100 0 0 0 1 0 0 0 1 0 
state.0101 0 0 1 0 0 0 0 1 0 
state.0110 0 1 0 0 0 0 0 1 0 
state.0111 1 0 0 0 0 0 0 1 0 
state.1000 0 0 0 0 0 0 0 1 1 

State Machine - |DE1_SoC_Computer|read_DPS_module:readOne|generate_grid:comb_25730|build_column:gen_block[30].col_one|state
Name state.0111 state.0110 state.0101 state.0100 state.0011 state.0010 state.0001 state.0000 state.1000 
state.0000 0 0 0 0 0 0 0 0 0 
state.0001 0 0 0 0 0 0 1 1 0 
state.0010 0 0 0 0 0 1 0 1 0 
state.0011 0 0 0 0 1 0 0 1 0 
state.0100 0 0 0 1 0 0 0 1 0 
state.0101 0 0 1 0 0 0 0 1 0 
state.0110 0 1 0 0 0 0 0 1 0 
state.0111 1 0 0 0 0 0 0 1 0 
state.1000 0 0 0 0 0 0 0 1 1 

State Machine - |DE1_SoC_Computer|read_DPS_module:readOne|generate_grid:comb_25730|build_column:gen_block[29].col_one|state
Name state.0111 state.0110 state.0101 state.0100 state.0011 state.0010 state.0001 state.0000 state.1000 
state.0000 0 0 0 0 0 0 0 0 0 
state.0001 0 0 0 0 0 0 1 1 0 
state.0010 0 0 0 0 0 1 0 1 0 
state.0011 0 0 0 0 1 0 0 1 0 
state.0100 0 0 0 1 0 0 0 1 0 
state.0101 0 0 1 0 0 0 0 1 0 
state.0110 0 1 0 0 0 0 0 1 0 
state.0111 1 0 0 0 0 0 0 1 0 
state.1000 0 0 0 0 0 0 0 1 1 

State Machine - |DE1_SoC_Computer|read_DPS_module:readOne|generate_grid:comb_25730|build_column:gen_block[28].col_one|state
Name state.0111 state.0110 state.0101 state.0100 state.0011 state.0010 state.0001 state.0000 state.1000 
state.0000 0 0 0 0 0 0 0 0 0 
state.0001 0 0 0 0 0 0 1 1 0 
state.0010 0 0 0 0 0 1 0 1 0 
state.0011 0 0 0 0 1 0 0 1 0 
state.0100 0 0 0 1 0 0 0 1 0 
state.0101 0 0 1 0 0 0 0 1 0 
state.0110 0 1 0 0 0 0 0 1 0 
state.0111 1 0 0 0 0 0 0 1 0 
state.1000 0 0 0 0 0 0 0 1 1 

State Machine - |DE1_SoC_Computer|read_DPS_module:readOne|generate_grid:comb_25730|build_column:gen_block[27].col_one|state
Name state.0111 state.0110 state.0101 state.0100 state.0011 state.0010 state.0001 state.0000 state.1000 
state.0000 0 0 0 0 0 0 0 0 0 
state.0001 0 0 0 0 0 0 1 1 0 
state.0010 0 0 0 0 0 1 0 1 0 
state.0011 0 0 0 0 1 0 0 1 0 
state.0100 0 0 0 1 0 0 0 1 0 
state.0101 0 0 1 0 0 0 0 1 0 
state.0110 0 1 0 0 0 0 0 1 0 
state.0111 1 0 0 0 0 0 0 1 0 
state.1000 0 0 0 0 0 0 0 1 1 

State Machine - |DE1_SoC_Computer|read_DPS_module:readOne|generate_grid:comb_25730|build_column:gen_block[26].col_one|state
Name state.0111 state.0110 state.0101 state.0100 state.0011 state.0010 state.0001 state.0000 state.1000 
state.0000 0 0 0 0 0 0 0 0 0 
state.0001 0 0 0 0 0 0 1 1 0 
state.0010 0 0 0 0 0 1 0 1 0 
state.0011 0 0 0 0 1 0 0 1 0 
state.0100 0 0 0 1 0 0 0 1 0 
state.0101 0 0 1 0 0 0 0 1 0 
state.0110 0 1 0 0 0 0 0 1 0 
state.0111 1 0 0 0 0 0 0 1 0 
state.1000 0 0 0 0 0 0 0 1 1 

State Machine - |DE1_SoC_Computer|read_DPS_module:readOne|generate_grid:comb_25730|build_column:gen_block[25].col_one|state
Name state.0111 state.0110 state.0101 state.0100 state.0011 state.0010 state.0001 state.0000 state.1000 
state.0000 0 0 0 0 0 0 0 0 0 
state.0001 0 0 0 0 0 0 1 1 0 
state.0010 0 0 0 0 0 1 0 1 0 
state.0011 0 0 0 0 1 0 0 1 0 
state.0100 0 0 0 1 0 0 0 1 0 
state.0101 0 0 1 0 0 0 0 1 0 
state.0110 0 1 0 0 0 0 0 1 0 
state.0111 1 0 0 0 0 0 0 1 0 
state.1000 0 0 0 0 0 0 0 1 1 

State Machine - |DE1_SoC_Computer|read_DPS_module:readOne|generate_grid:comb_25730|build_column:gen_block[24].col_one|state
Name state.0111 state.0110 state.0101 state.0100 state.0011 state.0010 state.0001 state.0000 state.1000 
state.0000 0 0 0 0 0 0 0 0 0 
state.0001 0 0 0 0 0 0 1 1 0 
state.0010 0 0 0 0 0 1 0 1 0 
state.0011 0 0 0 0 1 0 0 1 0 
state.0100 0 0 0 1 0 0 0 1 0 
state.0101 0 0 1 0 0 0 0 1 0 
state.0110 0 1 0 0 0 0 0 1 0 
state.0111 1 0 0 0 0 0 0 1 0 
state.1000 0 0 0 0 0 0 0 1 1 

State Machine - |DE1_SoC_Computer|read_DPS_module:readOne|generate_grid:comb_25730|build_column:gen_block[43].col_one|state
Name state.0111 state.0110 state.0101 state.0100 state.0011 state.0010 state.0001 state.0000 state.1000 
state.0000 0 0 0 0 0 0 0 0 0 
state.0001 0 0 0 0 0 0 1 1 0 
state.0010 0 0 0 0 0 1 0 1 0 
state.0011 0 0 0 0 1 0 0 1 0 
state.0100 0 0 0 1 0 0 0 1 0 
state.0101 0 0 1 0 0 0 0 1 0 
state.0110 0 1 0 0 0 0 0 1 0 
state.0111 1 0 0 0 0 0 0 1 0 
state.1000 0 0 0 0 0 0 0 1 1 

State Machine - |DE1_SoC_Computer|read_DPS_module:readOne|generate_grid:comb_25730|build_column:gen_block[42].col_one|state
Name state.0111 state.0110 state.0101 state.0100 state.0011 state.0010 state.0001 state.0000 state.1000 
state.0000 0 0 0 0 0 0 0 0 0 
state.0001 0 0 0 0 0 0 1 1 0 
state.0010 0 0 0 0 0 1 0 1 0 
state.0011 0 0 0 0 1 0 0 1 0 
state.0100 0 0 0 1 0 0 0 1 0 
state.0101 0 0 1 0 0 0 0 1 0 
state.0110 0 1 0 0 0 0 0 1 0 
state.0111 1 0 0 0 0 0 0 1 0 
state.1000 0 0 0 0 0 0 0 1 1 

State Machine - |DE1_SoC_Computer|read_DPS_module:readOne|generate_grid:comb_25730|build_column:gen_block[41].col_one|state
Name state.0111 state.0110 state.0101 state.0100 state.0011 state.0010 state.0001 state.0000 state.1000 
state.0000 0 0 0 0 0 0 0 0 0 
state.0001 0 0 0 0 0 0 1 1 0 
state.0010 0 0 0 0 0 1 0 1 0 
state.0011 0 0 0 0 1 0 0 1 0 
state.0100 0 0 0 1 0 0 0 1 0 
state.0101 0 0 1 0 0 0 0 1 0 
state.0110 0 1 0 0 0 0 0 1 0 
state.0111 1 0 0 0 0 0 0 1 0 
state.1000 0 0 0 0 0 0 0 1 1 

State Machine - |DE1_SoC_Computer|read_DPS_module:readOne|generate_grid:comb_25730|build_column:gen_block[40].col_one|state
Name state.0111 state.0110 state.0101 state.0100 state.0011 state.0010 state.0001 state.0000 state.1000 
state.0000 0 0 0 0 0 0 0 0 0 
state.0001 0 0 0 0 0 0 1 1 0 
state.0010 0 0 0 0 0 1 0 1 0 
state.0011 0 0 0 0 1 0 0 1 0 
state.0100 0 0 0 1 0 0 0 1 0 
state.0101 0 0 1 0 0 0 0 1 0 
state.0110 0 1 0 0 0 0 0 1 0 
state.0111 1 0 0 0 0 0 0 1 0 
state.1000 0 0 0 0 0 0 0 1 1 

State Machine - |DE1_SoC_Computer|read_DPS_module:readOne|generate_grid:comb_25730|build_column:gen_block[39].col_one|state
Name state.0111 state.0110 state.0101 state.0100 state.0011 state.0010 state.0001 state.0000 state.1000 
state.0000 0 0 0 0 0 0 0 0 0 
state.0001 0 0 0 0 0 0 1 1 0 
state.0010 0 0 0 0 0 1 0 1 0 
state.0011 0 0 0 0 1 0 0 1 0 
state.0100 0 0 0 1 0 0 0 1 0 
state.0101 0 0 1 0 0 0 0 1 0 
state.0110 0 1 0 0 0 0 0 1 0 
state.0111 1 0 0 0 0 0 0 1 0 
state.1000 0 0 0 0 0 0 0 1 1 

State Machine - |DE1_SoC_Computer|read_DPS_module:readOne|generate_grid:comb_25730|build_column:gen_block[38].col_one|state
Name state.0111 state.0110 state.0101 state.0100 state.0011 state.0010 state.0001 state.0000 state.1000 
state.0000 0 0 0 0 0 0 0 0 0 
state.0001 0 0 0 0 0 0 1 1 0 
state.0010 0 0 0 0 0 1 0 1 0 
state.0011 0 0 0 0 1 0 0 1 0 
state.0100 0 0 0 1 0 0 0 1 0 
state.0101 0 0 1 0 0 0 0 1 0 
state.0110 0 1 0 0 0 0 0 1 0 
state.0111 1 0 0 0 0 0 0 1 0 
state.1000 0 0 0 0 0 0 0 1 1 

State Machine - |DE1_SoC_Computer|read_DPS_module:readOne|generate_grid:comb_25730|build_column:gen_block[37].col_one|state
Name state.0111 state.0110 state.0101 state.0100 state.0011 state.0010 state.0001 state.0000 state.1000 
state.0000 0 0 0 0 0 0 0 0 0 
state.0001 0 0 0 0 0 0 1 1 0 
state.0010 0 0 0 0 0 1 0 1 0 
state.0011 0 0 0 0 1 0 0 1 0 
state.0100 0 0 0 1 0 0 0 1 0 
state.0101 0 0 1 0 0 0 0 1 0 
state.0110 0 1 0 0 0 0 0 1 0 
state.0111 1 0 0 0 0 0 0 1 0 
state.1000 0 0 0 0 0 0 0 1 1 

State Machine - |DE1_SoC_Computer|read_DPS_module:readOne|generate_grid:comb_25730|build_column:gen_block[36].col_one|state
Name state.0111 state.0110 state.0101 state.0100 state.0011 state.0010 state.0001 state.0000 state.1000 
state.0000 0 0 0 0 0 0 0 0 0 
state.0001 0 0 0 0 0 0 1 1 0 
state.0010 0 0 0 0 0 1 0 1 0 
state.0011 0 0 0 0 1 0 0 1 0 
state.0100 0 0 0 1 0 0 0 1 0 
state.0101 0 0 1 0 0 0 0 1 0 
state.0110 0 1 0 0 0 0 0 1 0 
state.0111 1 0 0 0 0 0 0 1 0 
state.1000 0 0 0 0 0 0 0 1 1 

State Machine - |DE1_SoC_Computer|read_DPS_module:readOne|generate_grid:comb_25730|build_column:gen_block[35].col_one|state
Name state.0111 state.0110 state.0101 state.0100 state.0011 state.0010 state.0001 state.0000 state.1000 
state.0000 0 0 0 0 0 0 0 0 0 
state.0001 0 0 0 0 0 0 1 1 0 
state.0010 0 0 0 0 0 1 0 1 0 
state.0011 0 0 0 0 1 0 0 1 0 
state.0100 0 0 0 1 0 0 0 1 0 
state.0101 0 0 1 0 0 0 0 1 0 
state.0110 0 1 0 0 0 0 0 1 0 
state.0111 1 0 0 0 0 0 0 1 0 
state.1000 0 0 0 0 0 0 0 1 1 

State Machine - |DE1_SoC_Computer|read_DPS_module:readOne|generate_grid:comb_25730|build_column:gen_block[34].col_one|state
Name state.0111 state.0110 state.0101 state.0100 state.0011 state.0010 state.0001 state.0000 state.1000 
state.0000 0 0 0 0 0 0 0 0 0 
state.0001 0 0 0 0 0 0 1 1 0 
state.0010 0 0 0 0 0 1 0 1 0 
state.0011 0 0 0 0 1 0 0 1 0 
state.0100 0 0 0 1 0 0 0 1 0 
state.0101 0 0 1 0 0 0 0 1 0 
state.0110 0 1 0 0 0 0 0 1 0 
state.0111 1 0 0 0 0 0 0 1 0 
state.1000 0 0 0 0 0 0 0 1 1 

State Machine - |DE1_SoC_Computer|read_DPS_module:readOne|generate_grid:comb_25730|build_column:gen_block[53].col_one|state
Name state.0111 state.0110 state.0101 state.0100 state.0011 state.0010 state.0001 state.0000 state.1000 
state.0000 0 0 0 0 0 0 0 0 0 
state.0001 0 0 0 0 0 0 1 1 0 
state.0010 0 0 0 0 0 1 0 1 0 
state.0011 0 0 0 0 1 0 0 1 0 
state.0100 0 0 0 1 0 0 0 1 0 
state.0101 0 0 1 0 0 0 0 1 0 
state.0110 0 1 0 0 0 0 0 1 0 
state.0111 1 0 0 0 0 0 0 1 0 
state.1000 0 0 0 0 0 0 0 1 1 

State Machine - |DE1_SoC_Computer|read_DPS_module:readOne|generate_grid:comb_25730|build_column:gen_block[52].col_one|state
Name state.0111 state.0110 state.0101 state.0100 state.0011 state.0010 state.0001 state.0000 state.1000 
state.0000 0 0 0 0 0 0 0 0 0 
state.0001 0 0 0 0 0 0 1 1 0 
state.0010 0 0 0 0 0 1 0 1 0 
state.0011 0 0 0 0 1 0 0 1 0 
state.0100 0 0 0 1 0 0 0 1 0 
state.0101 0 0 1 0 0 0 0 1 0 
state.0110 0 1 0 0 0 0 0 1 0 
state.0111 1 0 0 0 0 0 0 1 0 
state.1000 0 0 0 0 0 0 0 1 1 

State Machine - |DE1_SoC_Computer|read_DPS_module:readOne|generate_grid:comb_25730|build_column:gen_block[51].col_one|state
Name state.0111 state.0110 state.0101 state.0100 state.0011 state.0010 state.0001 state.0000 state.1000 
state.0000 0 0 0 0 0 0 0 0 0 
state.0001 0 0 0 0 0 0 1 1 0 
state.0010 0 0 0 0 0 1 0 1 0 
state.0011 0 0 0 0 1 0 0 1 0 
state.0100 0 0 0 1 0 0 0 1 0 
state.0101 0 0 1 0 0 0 0 1 0 
state.0110 0 1 0 0 0 0 0 1 0 
state.0111 1 0 0 0 0 0 0 1 0 
state.1000 0 0 0 0 0 0 0 1 1 

State Machine - |DE1_SoC_Computer|read_DPS_module:readOne|generate_grid:comb_25730|build_column:gen_block[50].col_one|state
Name state.0111 state.0110 state.0101 state.0100 state.0011 state.0010 state.0001 state.0000 state.1000 
state.0000 0 0 0 0 0 0 0 0 0 
state.0001 0 0 0 0 0 0 1 1 0 
state.0010 0 0 0 0 0 1 0 1 0 
state.0011 0 0 0 0 1 0 0 1 0 
state.0100 0 0 0 1 0 0 0 1 0 
state.0101 0 0 1 0 0 0 0 1 0 
state.0110 0 1 0 0 0 0 0 1 0 
state.0111 1 0 0 0 0 0 0 1 0 
state.1000 0 0 0 0 0 0 0 1 1 

State Machine - |DE1_SoC_Computer|read_DPS_module:readOne|generate_grid:comb_25730|build_column:gen_block[49].col_one|state
Name state.0111 state.0110 state.0101 state.0100 state.0011 state.0010 state.0001 state.0000 state.1000 
state.0000 0 0 0 0 0 0 0 0 0 
state.0001 0 0 0 0 0 0 1 1 0 
state.0010 0 0 0 0 0 1 0 1 0 
state.0011 0 0 0 0 1 0 0 1 0 
state.0100 0 0 0 1 0 0 0 1 0 
state.0101 0 0 1 0 0 0 0 1 0 
state.0110 0 1 0 0 0 0 0 1 0 
state.0111 1 0 0 0 0 0 0 1 0 
state.1000 0 0 0 0 0 0 0 1 1 

State Machine - |DE1_SoC_Computer|read_DPS_module:readOne|generate_grid:comb_25730|build_column:gen_block[48].col_one|state
Name state.0111 state.0110 state.0101 state.0100 state.0011 state.0010 state.0001 state.0000 state.1000 
state.0000 0 0 0 0 0 0 0 0 0 
state.0001 0 0 0 0 0 0 1 1 0 
state.0010 0 0 0 0 0 1 0 1 0 
state.0011 0 0 0 0 1 0 0 1 0 
state.0100 0 0 0 1 0 0 0 1 0 
state.0101 0 0 1 0 0 0 0 1 0 
state.0110 0 1 0 0 0 0 0 1 0 
state.0111 1 0 0 0 0 0 0 1 0 
state.1000 0 0 0 0 0 0 0 1 1 

State Machine - |DE1_SoC_Computer|read_DPS_module:readOne|generate_grid:comb_25730|build_column:gen_block[47].col_one|state
Name state.0111 state.0110 state.0101 state.0100 state.0011 state.0010 state.0001 state.0000 state.1000 
state.0000 0 0 0 0 0 0 0 0 0 
state.0001 0 0 0 0 0 0 1 1 0 
state.0010 0 0 0 0 0 1 0 1 0 
state.0011 0 0 0 0 1 0 0 1 0 
state.0100 0 0 0 1 0 0 0 1 0 
state.0101 0 0 1 0 0 0 0 1 0 
state.0110 0 1 0 0 0 0 0 1 0 
state.0111 1 0 0 0 0 0 0 1 0 
state.1000 0 0 0 0 0 0 0 1 1 

State Machine - |DE1_SoC_Computer|read_DPS_module:readOne|generate_grid:comb_25730|build_column:gen_block[46].col_one|state
Name state.0111 state.0110 state.0101 state.0100 state.0011 state.0010 state.0001 state.0000 state.1000 
state.0000 0 0 0 0 0 0 0 0 0 
state.0001 0 0 0 0 0 0 1 1 0 
state.0010 0 0 0 0 0 1 0 1 0 
state.0011 0 0 0 0 1 0 0 1 0 
state.0100 0 0 0 1 0 0 0 1 0 
state.0101 0 0 1 0 0 0 0 1 0 
state.0110 0 1 0 0 0 0 0 1 0 
state.0111 1 0 0 0 0 0 0 1 0 
state.1000 0 0 0 0 0 0 0 1 1 

State Machine - |DE1_SoC_Computer|read_DPS_module:readOne|generate_grid:comb_25730|build_column:gen_block[45].col_one|state
Name state.0111 state.0110 state.0101 state.0100 state.0011 state.0010 state.0001 state.0000 state.1000 
state.0000 0 0 0 0 0 0 0 0 0 
state.0001 0 0 0 0 0 0 1 1 0 
state.0010 0 0 0 0 0 1 0 1 0 
state.0011 0 0 0 0 1 0 0 1 0 
state.0100 0 0 0 1 0 0 0 1 0 
state.0101 0 0 1 0 0 0 0 1 0 
state.0110 0 1 0 0 0 0 0 1 0 
state.0111 1 0 0 0 0 0 0 1 0 
state.1000 0 0 0 0 0 0 0 1 1 

State Machine - |DE1_SoC_Computer|read_DPS_module:readOne|generate_grid:comb_25730|build_column:gen_block[44].col_one|state
Name state.0111 state.0110 state.0101 state.0100 state.0011 state.0010 state.0001 state.0000 state.1000 
state.0000 0 0 0 0 0 0 0 0 0 
state.0001 0 0 0 0 0 0 1 1 0 
state.0010 0 0 0 0 0 1 0 1 0 
state.0011 0 0 0 0 1 0 0 1 0 
state.0100 0 0 0 1 0 0 0 1 0 
state.0101 0 0 1 0 0 0 0 1 0 
state.0110 0 1 0 0 0 0 0 1 0 
state.0111 1 0 0 0 0 0 0 1 0 
state.1000 0 0 0 0 0 0 0 1 1 

State Machine - |DE1_SoC_Computer|read_DPS_module:readOne|generate_grid:comb_25730|build_column:gen_block[9].col_one|state
Name state.0111 state.0110 state.0101 state.0100 state.0011 state.0010 state.0001 state.0000 state.1000 
state.0000 0 0 0 0 0 0 0 0 0 
state.0001 0 0 0 0 0 0 1 1 0 
state.0010 0 0 0 0 0 1 0 1 0 
state.0011 0 0 0 0 1 0 0 1 0 
state.0100 0 0 0 1 0 0 0 1 0 
state.0101 0 0 1 0 0 0 0 1 0 
state.0110 0 1 0 0 0 0 0 1 0 
state.0111 1 0 0 0 0 0 0 1 0 
state.1000 0 0 0 0 0 0 0 1 1 

State Machine - |DE1_SoC_Computer|read_DPS_module:readOne|generate_grid:comb_25730|build_column:gen_block[8].col_one|state
Name state.0111 state.0110 state.0101 state.0100 state.0011 state.0010 state.0001 state.0000 state.1000 
state.0000 0 0 0 0 0 0 0 0 0 
state.0001 0 0 0 0 0 0 1 1 0 
state.0010 0 0 0 0 0 1 0 1 0 
state.0011 0 0 0 0 1 0 0 1 0 
state.0100 0 0 0 1 0 0 0 1 0 
state.0101 0 0 1 0 0 0 0 1 0 
state.0110 0 1 0 0 0 0 0 1 0 
state.0111 1 0 0 0 0 0 0 1 0 
state.1000 0 0 0 0 0 0 0 1 1 

State Machine - |DE1_SoC_Computer|read_DPS_module:readOne|generate_grid:comb_25730|build_column:gen_block[7].col_one|state
Name state.0111 state.0110 state.0101 state.0100 state.0011 state.0010 state.0001 state.0000 state.1000 
state.0000 0 0 0 0 0 0 0 0 0 
state.0001 0 0 0 0 0 0 1 1 0 
state.0010 0 0 0 0 0 1 0 1 0 
state.0011 0 0 0 0 1 0 0 1 0 
state.0100 0 0 0 1 0 0 0 1 0 
state.0101 0 0 1 0 0 0 0 1 0 
state.0110 0 1 0 0 0 0 0 1 0 
state.0111 1 0 0 0 0 0 0 1 0 
state.1000 0 0 0 0 0 0 0 1 1 

State Machine - |DE1_SoC_Computer|read_DPS_module:readOne|generate_grid:comb_25730|build_column:gen_block[6].col_one|state
Name state.0111 state.0110 state.0101 state.0100 state.0011 state.0010 state.0001 state.0000 state.1000 
state.0000 0 0 0 0 0 0 0 0 0 
state.0001 0 0 0 0 0 0 1 1 0 
state.0010 0 0 0 0 0 1 0 1 0 
state.0011 0 0 0 0 1 0 0 1 0 
state.0100 0 0 0 1 0 0 0 1 0 
state.0101 0 0 1 0 0 0 0 1 0 
state.0110 0 1 0 0 0 0 0 1 0 
state.0111 1 0 0 0 0 0 0 1 0 
state.1000 0 0 0 0 0 0 0 1 1 

State Machine - |DE1_SoC_Computer|read_DPS_module:readOne|generate_grid:comb_25730|build_column:gen_block[5].col_one|state
Name state.0111 state.0110 state.0101 state.0100 state.0011 state.0010 state.0001 state.0000 state.1000 
state.0000 0 0 0 0 0 0 0 0 0 
state.0001 0 0 0 0 0 0 1 1 0 
state.0010 0 0 0 0 0 1 0 1 0 
state.0011 0 0 0 0 1 0 0 1 0 
state.0100 0 0 0 1 0 0 0 1 0 
state.0101 0 0 1 0 0 0 0 1 0 
state.0110 0 1 0 0 0 0 0 1 0 
state.0111 1 0 0 0 0 0 0 1 0 
state.1000 0 0 0 0 0 0 0 1 1 

State Machine - |DE1_SoC_Computer|read_DPS_module:readOne|generate_grid:comb_25730|build_column:gen_block[4].col_one|state
Name state.0111 state.0110 state.0101 state.0100 state.0011 state.0010 state.0001 state.0000 state.1000 
state.0000 0 0 0 0 0 0 0 0 0 
state.0001 0 0 0 0 0 0 1 1 0 
state.0010 0 0 0 0 0 1 0 1 0 
state.0011 0 0 0 0 1 0 0 1 0 
state.0100 0 0 0 1 0 0 0 1 0 
state.0101 0 0 1 0 0 0 0 1 0 
state.0110 0 1 0 0 0 0 0 1 0 
state.0111 1 0 0 0 0 0 0 1 0 
state.1000 0 0 0 0 0 0 0 1 1 

State Machine - |DE1_SoC_Computer|read_DPS_module:readOne|generate_grid:comb_25730|build_column:gen_block[3].col_one|state
Name state.0111 state.0110 state.0101 state.0100 state.0011 state.0010 state.0001 state.0000 state.1000 
state.0000 0 0 0 0 0 0 0 0 0 
state.0001 0 0 0 0 0 0 1 1 0 
state.0010 0 0 0 0 0 1 0 1 0 
state.0011 0 0 0 0 1 0 0 1 0 
state.0100 0 0 0 1 0 0 0 1 0 
state.0101 0 0 1 0 0 0 0 1 0 
state.0110 0 1 0 0 0 0 0 1 0 
state.0111 1 0 0 0 0 0 0 1 0 
state.1000 0 0 0 0 0 0 0 1 1 

State Machine - |DE1_SoC_Computer|read_DPS_module:readOne|generate_grid:comb_25730|build_column:gen_block[2].col_one|state
Name state.0111 state.0110 state.0101 state.0100 state.0011 state.0010 state.0001 state.0000 state.1000 
state.0000 0 0 0 0 0 0 0 0 0 
state.0001 0 0 0 0 0 0 1 1 0 
state.0010 0 0 0 0 0 1 0 1 0 
state.0011 0 0 0 0 1 0 0 1 0 
state.0100 0 0 0 1 0 0 0 1 0 
state.0101 0 0 1 0 0 0 0 1 0 
state.0110 0 1 0 0 0 0 0 1 0 
state.0111 1 0 0 0 0 0 0 1 0 
state.1000 0 0 0 0 0 0 0 1 1 

State Machine - |DE1_SoC_Computer|read_DPS_module:readOne|generate_grid:comb_25730|build_column:gen_block[1].col_one|state
Name state.0111 state.0110 state.0101 state.0100 state.0011 state.0010 state.0001 state.0000 state.1000 
state.0000 0 0 0 0 0 0 0 0 0 
state.0001 0 0 0 0 0 0 1 1 0 
state.0010 0 0 0 0 0 1 0 1 0 
state.0011 0 0 0 0 1 0 0 1 0 
state.0100 0 0 0 1 0 0 0 1 0 
state.0101 0 0 1 0 0 0 0 1 0 
state.0110 0 1 0 0 0 0 0 1 0 
state.0111 1 0 0 0 0 0 0 1 0 
state.1000 0 0 0 0 0 0 0 1 1 

State Machine - |DE1_SoC_Computer|read_DPS_module:readOne|generate_grid:comb_25730|build_column:gen_block[0].col_one|state
Name state.0111 state.0110 state.0101 state.0100 state.0011 state.0010 state.0001 state.0000 state.1000 
state.0000 0 0 0 0 0 0 0 0 0 
state.0001 0 0 0 0 0 0 1 1 0 
state.0010 0 0 0 0 0 1 0 1 0 
state.0011 0 0 0 0 1 0 0 1 0 
state.0100 0 0 0 1 0 0 0 1 0 
state.0101 0 0 1 0 0 0 0 1 0 
state.0110 0 1 0 0 0 0 0 1 0 
state.0111 1 0 0 0 0 0 0 1 0 
state.1000 0 0 0 0 0 0 0 1 1 
